1.0
1.0
1.0
1.0
1.0
1.0
1.0
1.0
1.0
1.0
1.0
1.0
1.0
1.0
1.0
1.0
1.0
1.0
1.0
1.0
1.0
1.0
1.0
1.0
1.0
1.0
1.0
1.0
1.0
1.0
1.0
1.0
1.0
1.0
1.0
1.0
1.0
1.0
1.0
1.0
1.0
1.0
1.0
1.0
1.0
1.0
1.0
1.0
0.98
0.9803921568627451
0.9807692307692307
0.9811320754716981
0.9814814814814815
0.9818181818181818
0.9821428571428571
0.9824561403508771
0.9827586206896551
0.9830508474576272
0.9833333333333333
0.9836065573770492
0.9838709677419355
0.9841269841269841
0.984375
0.9846153846153847
0.9848484848484849
0.9850746268656716
0.9852941176470589
0.9855072463768116
0.9857142857142858
0.9859154929577465
0.9861111111111112
0.9863013698630136
0.9864864864864865
0.9866666666666667
0.9868421052631579
0.987012987012987
0.9871794871794872
0.9873417721518988
0.9875
0.9876543209876543
0.9878048780487805
0.9879518072289156
0.9880952380952381
0.9882352941176471
0.9883720930232558
0.9885057471264368
0.9886363636363636
0.9887640449438202
0.9888888888888889
0.989010989010989
0.9891304347826086
0.989247311827957
0.9893617021276596
0.9894736842105263
0.9895833333333334
0.9896907216494846
0.9897959183673469
0.98989898989899
0.99
0.9900990099009901
0.9901960784313726
0.9902912621359223
0.9903846153846154
0.9904761904761905
0.9905660377358491
0.9906542056074766
0.9907407407407407
0.9908256880733946
0.990909090909091
0.990990990990991
0.9910714285714286
0.9911504424778761
0.9912280701754386
0.991304347826087
0.9913793103448276
0.9914529914529915
0.9915254237288136
0.9915966386554622
0.9916666666666667
0.9917355371900827
0.9918032786885246
0.991869918699187
0.9919354838709677
0.992
0.9920634920634921
0.9921259842519685
0.9921875
0.9922480620155039
0.9923076923076923
0.9923664122137404
0.9924242424242424
0.9924812030075187
0.9925373134328358
0.9925925925925926
0.9926470588235294
0.9927007299270073
0.9927536231884058
0.9928057553956835
0.9928571428571429
0.9929078014184397
0.9929577464788732
0.993006993006993
0.9930555555555556
0.993103448275862
0.9931506849315068
0.9931972789115646
0.9932432432432432
0.9932885906040269
0.9933333333333333
0.9933774834437086
0.993421052631579
0.9934640522875817
0.9935064935064936
0.9935483870967742
0.9935897435897436
0.9936305732484076
0.9936708860759493
0.9937106918238994
0.99375
0.9937888198757764
0.9938271604938271
0.9938650306748467
0.9939024390243902
0.9939393939393939
0.9939759036144579
0.9940119760479041
0.9940476190476191
0.9940828402366864
0.9941176470588236
0.9941520467836257
0.9941860465116279
0.9942196531791907
0.9942528735632183
0.9942857142857143
0.9943181818181818
0.9943502824858758
0.9943820224719101
0.994413407821229
0.9944444444444445
0.994475138121547
0.9945054945054945
0.994535519125683
0.9945652173913043
0.9945945945945946
0.9946236559139785
0.9946524064171123
0.9946808510638298
0.9947089947089947
0.9947368421052631
0.9947643979057592
0.9947916666666666
0.9948186528497409
0.9948453608247423
0.9948717948717949
0.9948979591836735
0.9949238578680203
0.9949494949494949
0.9949748743718593
0.995
0.9852216748768473
0.9852941176470589
0.9853658536585366
0.9854368932038835
0.9855072463768116
0.9855769230769231
0.9856459330143541
0.9857142857142858
0.985781990521327
0.9858490566037735
0.9859154929577465
0.985981308411215
0.986046511627907
0.9861111111111112
0.9861751152073732
0.9862385321100917
0.9863013698630136
0.9863636363636363
0.9864253393665159
0.9864864864864865
0.9865470852017937
0.9866071428571429
0.9866666666666667
0.9867256637168141
0.986784140969163
0.9868421052631579
0.9868995633187773
0.9869565217391304
0.987012987012987
0.9870689655172413
0.9871244635193133
0.9871794871794872
0.9872340425531915
0.9872881355932204
0.9873417721518988
0.9873949579831933
0.9874476987447699
0.9875
0.9875518672199171
0.987603305785124
0.9876543209876543
0.9877049180327869
0.9877551020408163
0.9878048780487805
0.9878542510121457
0.9879032258064516
0.9879518072289156
0.988
0.9880478087649402
0.9880952380952381
0.9881422924901185
0.9881889763779528
0.9882352941176471
0.98828125
0.9883268482490273
0.9883720930232558
0.9884169884169884
0.9884615384615385
0.9885057471264368
0.9885496183206107
0.9885931558935361
0.9886363636363636
0.9886792452830189
0.9887218045112782
0.9887640449438202
0.9888059701492538
0.9888475836431226
0.9888888888888889
0.988929889298893
0.9889705882352942
0.989010989010989
0.9890510948905109
0.9890909090909091
0.9891304347826086
0.9891696750902527
0.9892086330935251
0.989247311827957
0.9892857142857143
0.9893238434163701
0.9893617021276596
0.9893992932862191
0.9894366197183099
0.9894736842105263
0.9895104895104895
0.9895470383275261
0.9895833333333334
0.9896193771626297
0.9896551724137931
0.9896907216494846
0.9897260273972602
0.9897610921501706
0.9897959183673469
0.9898305084745763
0.9898648648648649
0.98989898989899
0.9899328859060402
0.9899665551839465
0.9867109634551495
0.9867549668874173
0.9867986798679867
0.9868421052631579
0.9868852459016394
0.9869281045751634
0.9869706840390879
0.987012987012987
0.9870550161812298
0.9870967741935484
0.9871382636655949
0.9871794871794872
0.987220447284345
0.9872611464968153
0.9873015873015873
0.9873417721518988
0.9873817034700315
0.9874213836477987
0.987460815047022
0.9875
0.9875389408099688
0.9875776397515528
0.9876160990712074
0.9876543209876543
0.9876923076923076
0.9877300613496932
0.9877675840978594
0.9878048780487805
0.9878419452887538
0.9878787878787879
0.9879154078549849
0.9879518072289156
0.9850299401197605
0.9850746268656716
0.9851190476190477
0.9851632047477745
0.985207100591716
0.9852507374631269
0.9852941176470589
0.9853372434017595
0.9853801169590644
0.9854227405247813
0.9854651162790697
0.9855072463768116
0.9855491329479769
0.9855907780979827
0.985632183908046
0.9856733524355301
0.9857142857142858
0.9857549857549858
0.9857954545454546
0.9858356940509915
0.9858757062146892
0.9859154929577465
0.9859550561797753
0.9859943977591037
0.9860335195530726
0.9860724233983287
0.9861111111111112
0.9861495844875346
0.9861878453038674
0.9862258953168044
0.9862637362637363
0.9863013698630136
0.9836512261580381
0.9836956521739131
0.983739837398374
0.9837837837837838
0.9838274932614556
0.9838709677419355
0.9839142091152815
0.983957219251337
0.984
0.9840425531914894
0.9840848806366048
0.9841269841269841
0.9841688654353562
0.9842105263157894
0.984251968503937
0.9842931937172775
0.9843342036553525
0.984375
0.9844155844155844
0.9844559585492227
0.9844961240310077
0.9845360824742269
0.9845758354755784
0.9846153846153847
0.9846547314578005
0.9846938775510204
0.9847328244274809
0.9847715736040609
0.9848101265822785
0.9848484848484849
0.9848866498740554
0.9849246231155779
0.9849624060150376
0.985
0.9850374064837906
0.9850746268656716
0.9851116625310173
0.9851485148514851
0.9851851851851852
0.9828009828009828
0.9828431372549019
0.9828850855745721
0.9829268292682927
0.9829683698296837
0.9830097087378641
0.9830508474576272
0.9830917874396136
0.983132530120482
0.9831730769230769
0.9832134292565947
0.9832535885167464
0.9832935560859188
0.9833333333333333
0.9833729216152018
0.9834123222748815
0.983451536643026
0.9834905660377359
0.9835294117647059
0.9835680751173709
0.9836065573770492
0.9836448598130841
0.9836829836829837
0.9837209302325581
0.9837587006960556
0.9837962962962963
0.9838337182448037
0.9838709677419355
0.9839080459770115
0.9839449541284404
0.9839816933638444
0.9840182648401826
0.9840546697038725
0.9840909090909091
0.9841269841269841
0.9841628959276018
0.9841986455981941
0.9842342342342343
0.9842696629213483
0.984304932735426
0.9843400447427293
0.984375
0.9844097995545658
0.9844444444444445
0.9844789356984479
0.9845132743362832
0.9845474613686535
0.9845814977973568
0.9846153846153847
0.9846491228070176
0.9846827133479212
0.9847161572052402
0.9847494553376906
0.9847826086956522
0.9848156182212582
0.9848484848484849
0.9848812095032398
0.9849137931034483
0.9849462365591398
0.9849785407725322
0.9850107066381156
0.9850427350427351
0.9850746268656716
0.9851063829787234
0.9851380042462845
0.9851694915254238
0.985200845665962
0.9852320675105485
0.9852631578947368
0.9852941176470589
0.9853249475890985
0.9853556485355649
0.9853862212943633
0.9854166666666667
0.9854469854469855
0.9854771784232366
0.9855072463768116
0.9855371900826446
0.9855670103092784
0.98559670781893
0.9856262833675564
0.985655737704918
0.9856850715746421
0.9857142857142858
0.9857433808553971
0.9857723577235772
0.9858012170385395
0.9858299595141701
0.9858585858585859
0.9858870967741935
0.9859154929577465
0.9859437751004017
0.9859719438877755
0.986
0.9860279441117764
0.9860557768924303
0.9860834990059643
0.9861111111111112
0.9861386138613861
0.9861660079051383
0.9861932938856016
0.9862204724409449
0.9862475442043221
0.9862745098039216
0.9863013698630136
0.986328125
0.98635477582846
0.9863813229571985
0.9864077669902913
0.9864341085271318
0.9864603481624759
0.9864864864864865
0.9865125240847784
0.9865384615384616
0.9865642994241842
0.9865900383141762
0.9866156787762906
0.9866412213740458
0.9866666666666667
0.9866920152091255
0.9867172675521821
0.9867424242424242
0.9867674858223062
0.9867924528301887
0.9849624060150376
0.9849906191369606
0.9850187265917603
0.9850467289719627
0.9850746268656716
0.9851024208566108
0.9851301115241635
0.9851576994434137
0.9851851851851852
0.9852125693160814
0.985239852398524
0.9852670349907919
0.9852941176470589
0.9853211009174312
0.9853479853479854
0.9853747714808044
0.9854014598540146
0.9854280510018215
0.9854545454545455
0.985480943738657
0.9855072463768116
0.9855334538878843
0.9855595667870036
0.9855855855855856
0.9856115107913669
0.9856373429084381
0.985663082437276
0.9856887298747764
0.9857142857142858
0.9857397504456328
0.9857651245551602
0.9857904085257548
0.9858156028368794
0.9858407079646018
0.9858657243816255
0.9858906525573192
0.9859154929577465
0.9859402460456942
0.9859649122807017
0.9859894921190894
0.986013986013986
0.9860383944153578
0.9860627177700348
0.9860869565217392
0.9861111111111112
0.9861351819757366
0.986159169550173
0.9861830742659758
0.9862068965517241
0.9862306368330465
0.9862542955326461
0.9862778730703259
0.9863013698630136
0.9863247863247864
0.9863481228668942
0.9863713798977853
0.9863945578231292
0.9864176570458404
0.9864406779661017
0.9864636209813875
0.9864864864864865
0.9865092748735245
0.9865319865319865
0.9865546218487395
0.9865771812080537
0.9865996649916248
0.9866220735785953
0.986644407345576
0.9866666666666667
0.9866888519134775
0.9867109634551495
0.9867330016583747
0.9867549668874173
0.9867768595041322
0.9867986798679867
0.9868204283360791
0.9868421052631579
0.986863711001642
0.9868852459016394
0.9869067103109657
0.9869281045751634
0.9869494290375204
0.9869706840390879
0.9869918699186991
0.987012987012987
0.9870340356564019
0.9870550161812298
0.9870759289176091
0.9870967741935484
0.9871175523349437
0.9871382636655949
0.9871589085072231
0.9871794871794872
0.9872
0.987220447284345
0.9872408293460925
0.9872611464968153
0.9872813990461049
0.9873015873015873
0.9873217115689382
0.9873417721518988
0.9873617693522907
0.9873817034700315
0.9874015748031496
0.9874213836477987
0.9874411302982732
0.987460815047022
0.9874804381846636
0.9875
0.9875195007800313
0.9875389408099688
0.9875583203732504
0.9875776397515528
0.9875968992248062
0.9876160990712074
0.9876352395672334
0.9876543209876543
0.987673343605547
0.9876923076923076
0.9877112135176651
0.9877300613496932
0.9877488514548239
0.9877675840978594
0.9877862595419847
0.9878048780487805
0.9878234398782344
0.9878419452887538
0.9878603945371776
0.9878787878787879
0.9878971255673222
0.9879154078549849
0.9879336349924586
0.9879518072289156
0.98796992481203
0.987987987987988
0.9880059970014993
0.9880239520958084
0.9880418535127056
0.9880597014925373
0.9880774962742176
0.9880952380952381
0.9881129271916791
0.9881305637982196
0.9881481481481481
0.9881656804733728
0.9881831610044313
0.9882005899705014
0.9882179675994109
0.9882352941176471
0.9882525697503671
0.9882697947214076
0.9882869692532943
0.9883040935672515
0.9883211678832117
0.9883381924198251
0.9883551673944687
0.9883720930232558
0.988388969521045
0.9884057971014493
0.9884225759768451
0.9884393063583815
0.9884559884559885
0.9884726224783862
0.9884892086330935
0.9885057471264368
0.9885222381635581
0.9885386819484241
0.9885550786838341
0.9885714285714285
0.9885877318116976
0.9886039886039886
0.9886201991465149
0.9886363636363636
0.9886524822695035
0.9886685552407932
0.9886845827439887
0.9887005649717514
0.9887165021156559
0.9887323943661972
0.9887482419127989
0.9887640449438202
0.9887798036465638
0.988795518207283
0.9888111888111888
0.9888268156424581
0.9888423988842399
0.9888579387186629
0.9888734353268428
0.9888888888888889
0.9889042995839112
0.9889196675900277
0.9889349930843707
0.988950276243094
0.9889655172413793
0.9889807162534435
0.9889958734525447
0.989010989010989
0.9890260631001372
0.989041095890411
0.9890560875512996
0.9890710382513661
0.9890859481582538
0.989100817438692
0.9891156462585035
0.9891304347826086
0.989145183175034
0.989159891598916
0.9891745602165088
0.9891891891891892
0.9892037786774629
0.9892183288409704
0.9892328398384926
0.989247311827957
0.9892617449664429
0.9892761394101877
0.9892904953145917
0.9893048128342246
0.9893190921228304
0.9893333333333333
0.9893475366178429
0.9893617021276596
0.9893758300132802
0.9893899204244032
0.9894039735099338
0.9894179894179894
0.9894319682959049
0.9894459102902374
0.9894598155467721
0.9894736842105263
0.9894875164257556
0.989501312335958
0.9895150720838795
0.9895287958115183
0.9895424836601308
0.9895561357702349
0.9895697522816167
0.9895833333333334
0.9895968790637191
0.9896103896103896
0.9896238651102465
0.9896373056994818
0.9896507115135834
0.9896640826873385
0.9896774193548387
0.9896907216494846
0.9897039897039897
0.9897172236503856
0.9897304236200257
0.9897435897435898
0.9897567221510883
0.989769820971867
0.9897828863346104
0.9897959183673469
0.9898089171974522
0.989821882951654
0.9898348157560356
0.9898477157360406
0.9898605830164765
0.9898734177215189
0.9898862199747156
0.98989898989899
0.9899117276166457
0.9899244332493703
0.989937106918239
0.9899497487437185
0.9899623588456713
0.9899749373433584
0.9899874843554443
0.99
0.9900124843945068
0.9900249376558603
0.9900373599003736
0.9900497512437811
0.9900621118012423
0.9900744416873449
0.990086741016109
0.9900990099009901
0.9901112484548825
0.9901234567901235
0.9901356350184957
0.9901477832512315
0.990159901599016
0.9901719901719902
0.9901840490797545
0.9901960784313726
0.9902080783353733
0.9902200488997555
0.9902319902319903
0.9902439024390244
0.9902557856272838
0.9902676399026764
0.9902794653705954
0.9902912621359223
0.9903030303030304
0.9903147699757869
0.9903264812575574
0.9903381642512077
0.9903498190591074
0.9903614457831326
0.9903730445246691
0.9903846153846154
0.9903961584633854
0.9904076738609112
0.9904191616766467
0.9904306220095693
0.9904420549581839
0.9904534606205251
0.9904648390941597
0.9904761904761905
0.990487514863258
0.9904988123515439
0.9905100830367735
0.990521327014218
0.9905325443786982
0.9905437352245863
0.9905548996458088
0.9905660377358491
0.9894117647058823
0.9894242068155111
0.9894366197183099
0.9894490035169988
0.9894613583138173
0.9894736842105263
0.9894859813084113
0.9894982497082847
0.9895104895104895
0.989522700814901
0.9895348837209302
0.9895470383275261
0.9895591647331786
0.9895712630359212
0.9895833333333334
0.9895953757225433
0.9896073903002309
0.9896193771626297
0.9896313364055299
0.9896432681242808
0.9896551724137931
0.9896670493685419
0.9896788990825688
0.9896907216494846
0.9897025171624714
0.9897142857142858
0.9897260273972602
0.9897377423033067
0.989749430523918
0.9897610921501706
0.9897727272727272
0.9897843359818388
0.9897959183673469
0.9898074745186863
0.9898190045248869
0.9898305084745763
0.989841986455982
0.9898534385569335
0.9898648648648649
0.9898762654668166
0.9898876404494382
0.98989898989899
0.9899103139013453
0.9899216125419933
0.9899328859060402
0.9899441340782122
0.9899553571428571
0.9899665551839465
0.9899777282850779
0.9899888765294772
0.99
0.9900110987791343
0.9900221729490022
0.9900332225913622
0.9900442477876106
0.9900552486187846
0.9900662251655629
0.9900771775082691
0.9900881057268722
0.9900990099009901
0.9901098901098901
0.9901207464324918
0.9901315789473685
0.9901423877327492
0.9901531728665208
0.9901639344262295
0.990174672489083
0.990185387131952
0.9901960784313726
0.9902067464635473
0.9902173913043478
0.990228013029316
0.9902386117136659
0.9902491874322861
0.9902597402597403
0.9902702702702703
0.990280777537797
0.9902912621359223
0.990301724137931
0.9903121636167922
0.9903225806451613
0.9903329752953813
0.990343347639485
0.9903536977491961
0.9903640256959315
0.9903743315508021
0.9903846153846154
0.9903948772678762
0.990405117270789
0.9904153354632588
0.9904255319148936
0.9904357066950054
0.9904458598726115
0.9904559915164369
0.9904661016949152
0.9904761904761905
0.9904862579281184
0.9904963041182682
0.990506329113924
0.9905163329820864
0.9905263157894737
0.9905362776025236
0.990546218487395
0.9905561385099685
0.9905660377358491
0.9905759162303664
0.9905857740585774
0.9905956112852664
0.9906054279749478
0.9906152241918665
0.990625
0.9906347554630593
0.9906444906444907
0.9906542056074766
0.9906639004149378
0.9906735751295337
0.9906832298136646
0.9906928645294726
0.9907024793388429
0.9907120743034056
0.9907216494845361
0.9907312049433573
0.9907407407407407
0.9907502569373073
0.9907597535934292
0.9907692307692307
0.9907786885245902
0.9907881269191402
0.99079754601227
0.9908069458631257
0.9908163265306122
0.9908256880733946
0.9908350305498982
0.9898373983739838
0.9898477157360406
0.9898580121703854
0.9898682877406282
0.9888776541961577
0.9888888888888889
0.9889001009081736
0.9889112903225806
0.9889224572004028
0.9889336016096579
0.9889447236180905
0.9889558232931727
0.9889669007021064
0.9889779559118237
0.988988988988989
0.989
