0.0
0.0
0.0
0.0
0.0
0.0
0.14285714285714285
0.125
0.1111111111111111
0.2
0.18181818181818182
0.16666666666666666
0.15384615384615385
0.21428571428571427
0.2
0.25
0.23529411764705882
0.2222222222222222
0.21052631578947367
0.2
0.23809523809523808
0.22727272727272727
0.21739130434782608
0.20833333333333334
0.2
0.19230769230769232
0.18518518518518517
0.17857142857142858
0.1724137931034483
0.16666666666666666
0.16129032258064516
0.15625
0.15151515151515152
0.14705882352941177
0.17142857142857143
0.16666666666666666
0.16216216216216217
0.18421052631578946
0.20512820512820512
0.2
0.1951219512195122
0.19047619047619047
0.20930232558139536
0.20454545454545456
0.2
0.1956521739130435
0.2127659574468085
0.20833333333333334
0.20408163265306123
0.2
0.19607843137254902
0.21153846153846154
0.22641509433962265
0.24074074074074073
0.23636363636363636
0.25
0.24561403508771928
0.25862068965517243
0.2542372881355932
0.25
0.2459016393442623
0.24193548387096775
0.23809523809523808
0.25
0.24615384615384617
0.24242424242424243
0.23880597014925373
0.23529411764705882
0.2318840579710145
0.22857142857142856
0.22535211267605634
0.2222222222222222
0.2191780821917808
0.21621621621621623
0.21333333333333335
0.21052631578947367
0.2077922077922078
0.21794871794871795
0.21518987341772153
0.225
0.2345679012345679
0.23170731707317074
0.2289156626506024
0.2261904761904762
0.2235294117647059
0.22093023255813954
0.21839080459770116
0.2159090909090909
0.21348314606741572
0.2111111111111111
0.21978021978021978
0.21739130434782608
0.21505376344086022
0.2127659574468085
0.22105263157894736
0.21875
0.21649484536082475
0.21428571428571427
0.21212121212121213
0.22
0.21782178217821782
0.22549019607843138
0.22330097087378642
0.22115384615384615
0.21904761904761905
0.2169811320754717
0.21495327102803738
0.21296296296296297
0.22018348623853212
0.22727272727272727
0.22522522522522523
0.22321428571428573
0.22123893805309736
0.21929824561403508
0.21739130434782608
0.22413793103448276
0.2222222222222222
0.22033898305084745
0.226890756302521
0.225
0.2231404958677686
0.22131147540983606
0.21951219512195122
0.22580645161290322
0.224
0.2222222222222222
0.2204724409448819
0.21875
0.21705426356589147
0.2153846153846154
0.21374045801526717
0.21212121212121213
0.21804511278195488
0.21641791044776118
0.21481481481481482
0.21323529411764705
0.2116788321167883
0.21014492753623187
0.20863309352517986
0.20714285714285716
0.2127659574468085
0.2112676056338028
0.2097902097902098
0.20833333333333334
0.21379310344827587
0.21232876712328766
0.21768707482993196
0.21621621621621623
0.21476510067114093
0.21333333333333335
0.2119205298013245
0.21052631578947367
0.20915032679738563
0.21428571428571427
0.2129032258064516
0.21153846153846154
0.21019108280254778
0.21518987341772153
0.2138364779874214
0.21875
0.21739130434782608
0.21604938271604937
0.2147239263803681
0.21341463414634146
0.21212121212121213
0.21084337349397592
0.20958083832335328
0.21428571428571427
0.21301775147928995
0.21176470588235294
0.21052631578947367
0.20930232558139536
0.20809248554913296
0.20689655172413793
0.2057142857142857
0.21022727272727273
0.20903954802259886
0.20786516853932585
0.2122905027932961
0.2111111111111111
0.2154696132596685
0.21428571428571427
0.21311475409836064
0.21739130434782608
0.21621621621621623
0.21505376344086022
0.21390374331550802
0.2127659574468085
0.21164021164021163
0.21052631578947367
0.21465968586387435
0.21875
0.21761658031088082
0.21649484536082475
0.2153846153846154
0.21428571428571427
0.2182741116751269
0.21717171717171718
0.22110552763819097
0.225
0.22388059701492538
0.22772277227722773
0.2315270935960591
0.23039215686274508
0.23414634146341465
0.23300970873786409
0.2318840579710145
0.23076923076923078
0.22966507177033493
0.23333333333333334
0.23222748815165878
0.23113207547169812
0.2347417840375587
0.2336448598130841
0.23255813953488372
0.2361111111111111
0.2350230414746544
0.23394495412844038
0.2328767123287671
0.23636363636363636
0.23529411764705882
0.23423423423423423
0.23766816143497757
0.23660714285714285
0.23555555555555555
0.2345132743362832
0.23788546255506607
0.23684210526315788
0.23580786026200873
0.23478260869565218
0.23376623376623376
0.23275862068965517
0.2317596566523605
0.23076923076923078
0.2297872340425532
0.2330508474576271
0.2320675105485232
0.23529411764705882
0.23430962343096234
0.23333333333333334
0.23236514522821577
0.23553719008264462
0.23868312757201646
0.23770491803278687
0.23673469387755103
0.23577235772357724
0.2388663967611336
0.23790322580645162
0.23694779116465864
0.236
0.2350597609561753
0.23412698412698413
0.233201581027668
0.23228346456692914
0.23137254901960785
0.23046875
0.22957198443579765
0.23255813953488372
0.23166023166023167
0.23461538461538461
0.23754789272030652
0.2366412213740458
0.23574144486692014
0.23863636363636365
0.23773584905660378
0.24060150375939848
0.2397003745318352
0.24253731343283583
0.241635687732342
0.24074074074074073
0.24354243542435425
0.24632352941176472
0.2490842490842491
0.2518248175182482
0.2509090909090909
0.25
0.2490974729241877
0.2517985611510791
0.25448028673835127
0.25357142857142856
0.2526690391459075
0.25177304964539005
0.2508833922261484
0.25
0.25263157894736843
0.2517482517482518
0.25435540069686413
0.2534722222222222
0.25259515570934254
0.25517241379310346
0.2542955326460481
0.2534246575342466
0.2525597269624573
0.25170068027210885
0.2542372881355932
0.25675675675675674
0.2558922558922559
0.2550335570469799
0.25418060200668896
0.25666666666666665
0.2558139534883721
0.25496688741721857
0.25412541254125415
0.2532894736842105
0.25573770491803277
0.2549019607843137
0.25732899022801303
0.2564935064935065
0.255663430420712
0.25483870967741934
0.2572347266881029
0.2564102564102564
0.25559105431309903
0.25477707006369427
0.25396825396825395
0.25316455696202533
0.25236593059936907
0.25157232704402516
0.2507836990595611
0.25
0.24922118380062305
0.2515527950310559
0.25077399380804954
0.25
0.24923076923076923
0.24846625766871167
0.25076452599388377
0.25
0.24924012158054712
0.2515151515151515
0.25075528700906347
0.25
0.24924924924924924
0.24850299401197604
0.24776119402985075
0.24702380952380953
0.24629080118694363
0.2455621301775148
0.2448377581120944
0.24411764705882352
0.2434017595307918
0.24269005847953215
0.24489795918367346
0.2441860465116279
0.2463768115942029
0.24566473988439305
0.24495677233429394
0.2442528735632184
0.24641833810888253
0.24571428571428572
0.245014245014245
0.24431818181818182
0.24645892351274787
0.2457627118644068
0.24507042253521127
0.2443820224719101
0.24369747899159663
0.2430167597765363
0.24233983286908078
0.24166666666666667
0.2409972299168975
0.24033149171270718
0.2396694214876033
0.23901098901098902
0.23835616438356164
0.23770491803278687
0.23978201634877383
0.2391304347826087
0.24119241192411925
0.24324324324324326
0.24258760107816713
0.24193548387096775
0.24128686327077747
0.24064171122994651
0.24
0.2393617021276596
0.2413793103448276
0.24074074074074073
0.24274406332453827
0.24473684210526317
0.2440944881889764
0.24607329842931938
0.2454308093994778
0.24479166666666666
0.24675324675324675
0.24870466321243523
0.24806201550387597
0.25
0.2493573264781491
0.24871794871794872
0.24808184143222506
0.24744897959183673
0.24681933842239187
0.24619289340101522
0.2481012658227848
0.25
0.24937027707808565
0.24874371859296482
0.24812030075187969
0.2475
0.24688279301745636
0.24875621890547264
0.24813895781637718
0.24752475247524752
0.24691358024691357
0.24630541871921183
0.2457002457002457
0.24509803921568626
0.24449877750611246
0.24634146341463414
0.24574209245742093
0.24514563106796117
0.24455205811138014
0.2463768115942029
0.2457831325301205
0.24519230769230768
0.2446043165467626
0.24641148325358853
0.2458233890214797
0.24523809523809523
0.24465558194774348
0.24407582938388625
0.24349881796690306
0.24528301886792453
0.2447058823529412
0.24413145539906103
0.24355971896955503
0.24299065420560748
0.24242424242424243
0.24186046511627907
0.24129930394431554
0.24074074074074073
0.24018475750577367
0.24193548387096775
0.2413793103448276
0.2408256880733945
0.2425629290617849
0.2420091324200913
0.24145785876993167
0.2409090909090909
0.24036281179138322
0.2398190045248869
0.24153498871331827
0.24324324324324326
0.24269662921348314
0.242152466367713
0.24161073825503357
0.24107142857142858
0.24053452115812918
0.24222222222222223
0.24168514412416853
0.2411504424778761
0.24282560706401765
0.2422907488986784
0.24175824175824176
0.2412280701754386
0.24070021881838075
0.24017467248908297
0.24183006535947713
0.24130434782608695
0.24078091106290672
0.24242424242424243
0.24190064794816415
0.2413793103448276
0.24301075268817204
0.24248927038626608
0.24411134903640258
0.24358974358974358
0.24307036247334754
0.2425531914893617
0.24203821656050956
0.24152542372881355
0.24101479915433405
0.24050632911392406
0.24210526315789474
0.2415966386554622
0.24109014675052412
0.24267782426778242
0.24425887265135698
0.24375
0.24324324324324326
0.24273858921161826
0.2422360248447205
0.24380165289256198
0.24329896907216494
0.24279835390946503
0.24229979466119098
0.24385245901639344
0.24539877300613497
0.24693877551020407
0.24643584521384929
0.24796747967479674
0.24746450304259635
0.24898785425101214
0.2505050505050505
0.25201612903225806
0.2515090543259557
0.25100401606425704
0.250501002004008
0.252
0.25149700598802394
0.250996015936255
0.2504970178926441
0.251984126984127
0.2514851485148515
0.2509881422924901
0.2504930966469428
0.25
0.25147347740667975
0.25098039215686274
0.25048923679060664
0.25
0.24951267056530213
0.2509727626459144
0.2504854368932039
0.25
0.2495164410058027
0.24903474903474904
0.24855491329479767
0.24807692307692308
0.2476007677543186
0.24904214559386972
0.25047801147227533
0.25
0.24952380952380954
0.2509505703422053
0.2504743833017078
0.2518939393939394
0.2514177693761815
0.2509433962264151
0.2504708097928437
0.2518796992481203
0.25328330206378985
0.25280898876404495
0.2523364485981308
0.251865671641791
0.25139664804469275
0.25092936802973975
0.2504638218923933
0.25
0.24953789279112754
0.24907749077490776
0.2504604051565378
0.25
0.24954128440366974
0.2490842490842491
0.24862888482632542
0.24817518248175183
0.24772313296903462
0.24909090909090909
0.24863883847549909
0.25
0.24954792043399637
0.2490974729241877
0.24864864864864866
0.24820143884892087
0.24775583482944344
0.24910394265232974
0.24865831842576028
0.24821428571428572
0.24777183600713013
0.24733096085409254
0.24866785079928952
0.24822695035460993
0.24778761061946902
0.24911660777385158
0.25044091710758376
0.25
0.24956063268892795
0.24912280701754386
0.2504378283712785
0.25
0.24956369982547993
0.24912891986062718
0.24869565217391304
0.2482638888888889
0.24956672443674177
0.2491349480968858
0.24870466321243523
0.2482758620689655
0.24784853700516352
0.24742268041237114
0.2469982847341338
0.2465753424657534
0.24615384615384617
0.24573378839590443
0.2453151618398637
0.24489795918367346
0.24448217317487267
0.2440677966101695
0.2436548223350254
0.24324324324324326
0.24283305227655985
0.24242424242424243
0.24201680672268908
0.24161073825503357
0.24120603015075376
0.24247491638795987
0.24207011686143573
0.24166666666666667
0.24292845257903495
0.2425249169435216
0.24378109452736318
0.24503311258278146
0.24462809917355371
0.24422442244224424
0.24382207578253706
0.24342105263157895
0.24302134646962234
0.24262295081967214
0.24222585924713586
0.24183006535947713
0.24143556280587275
0.24104234527687296
0.24065040650406505
0.24025974025974026
0.24149108589951376
0.24271844660194175
0.24232633279483037
0.24193548387096775
0.2431561996779388
0.24437299035369775
0.24398073836276082
0.24358974358974358
0.2432
0.24281150159744408
0.24242424242424243
0.24203821656050956
0.24324324324324326
0.24285714285714285
0.24247226624405704
0.24208860759493672
0.24170616113744076
0.24290220820189273
0.24251968503937008
0.24213836477987422
0.24175824175824176
0.2413793103448276
0.24100156494522693
0.240625
0.24024960998439937
0.2398753894080997
0.2410575427682737
0.2422360248447205
0.24186046511627907
0.24303405572755418
0.24420401854714066
0.24537037037037038
0.24499229583975346
0.24461538461538462
0.24423963133640553
0.24386503067484663
0.2450229709035222
0.24617737003058104
0.24580152671755726
0.24542682926829268
0.2450532724505327
0.24468085106382978
0.24430955993930198
0.24393939393939393
0.24357034795763993
0.24471299093655588
0.24434389140271492
0.24397590361445784
0.24360902255639097
0.24324324324324326
0.24287856071964017
0.24251497005988024
0.242152466367713
0.2417910447761194
0.2414307004470939
0.24107142857142858
0.24071322436849926
0.2403560830860534
0.2414814814814815
0.2411242603550296
0.24076809453471196
0.24041297935103245
0.24005891016200295
0.2411764705882353
0.24082232011747431
0.24193548387096775
0.24158125915080528
0.2412280701754386
0.24087591240875914
0.24052478134110788
0.24017467248908297
0.23982558139534885
0.23947750362844702
0.2391304347826087
0.23878437047756873
0.2384393063583815
0.23809523809523808
0.2377521613832853
0.23741007194244604
0.23706896551724138
0.23672883787661406
0.23782234957020057
0.2374821173104435
0.23714285714285716
0.23823109843081314
0.23931623931623933
0.23897581792318634
0.24005681818181818
0.2397163120567376
0.23937677053824363
0.23903818953323905
0.2401129943502825
0.24118476727785615
0.24084507042253522
0.24050632911392406
0.24157303370786518
0.24123422159887797
0.242296918767507
0.24195804195804196
0.24162011173184358
0.2412831241283124
0.24094707520891365
0.24200278164116829
0.24166666666666667
0.24133148404993066
0.24238227146814403
0.24204702627939143
0.24171270718232044
0.2413793103448276
0.24104683195592286
0.2407152682255846
0.2403846153846154
0.24142661179698216
0.2410958904109589
0.2421340629274966
0.24180327868852458
0.24147339699863574
0.24114441416893734
0.24081632653061225
0.24048913043478262
0.24016282225237448
0.23983739837398374
0.2395128552097429
0.2391891891891892
0.24021592442645073
0.24123989218328842
0.24091520861372812
0.24059139784946237
0.24026845637583893
0.24128686327077747
0.24096385542168675
0.24197860962566844
0.2416555407209613
0.24266666666666667
0.2436750998668442
0.24335106382978725
0.24302788844621515
0.2427055702917772
0.2423841059602649
0.24206349206349206
0.24174372523117568
0.24142480211081793
0.24110671936758893
0.24210526315789474
0.24310118265440211
0.2440944881889764
0.2437745740498034
0.24345549738219896
0.24313725490196078
0.24281984334203655
0.2438070404172099
0.24348958333333334
0.24317295188556567
0.24285714285714285
0.24254215304798962
0.2422279792746114
0.24191461836998707
0.24289405684754523
0.24258064516129033
0.2422680412371134
0.24195624195624196
0.2416452442159383
0.24133504492939667
0.24102564102564103
0.2407170294494238
0.24040920716112532
0.2413793103448276
0.2423469387755102
0.24203821656050956
0.24173027989821882
0.241423125794155
0.24111675126903553
0.24081115335868186
0.2417721518987342
0.24146649810366624
0.24242424242424243
0.2421185372005044
0.24307304785894207
0.24276729559748428
0.24371859296482412
0.24341279799247176
0.24310776942355888
0.2428035043804756
0.24375
0.24344569288389514
0.24438902743142144
0.24408468244084683
0.24502487562189054
0.24472049689440994
0.24441687344913152
0.24411400247831475
0.24504950495049505
0.24474660074165636
0.24444444444444444
0.24537607891491986
0.24630541871921183
0.24600246002460024
0.2457002457002457
0.24539877300613497
0.24632352941176472
0.2460220318237454
0.24572127139364303
0.2454212454212454
0.2451219512195122
0.24604141291108406
0.24574209245742093
0.2454434993924666
0.24514563106796117
0.24484848484848484
0.24455205811138014
0.24546553808948005
0.2463768115942029
0.24607961399276237
0.2469879518072289
0.246690734055355
0.24639423076923078
0.2460984393757503
0.24700239808153476
0.24790419161676647
0.24760765550239233
0.24731182795698925
0.24701670644391407
0.24791418355184744
0.24761904761904763
0.2473246135552913
0.24703087885985747
0.2479240806642942
0.2476303317535545
0.24733727810650888
0.2470449172576832
0.24675324675324675
0.24646226415094338
0.24617196702002356
0.24705882352941178
0.24676850763807284
0.2476525821596244
0.2473622508792497
0.24824355971896955
0.247953216374269
0.24766355140186916
0.24737456242707118
0.24708624708624707
0.2467986030267753
0.24767441860465117
0.24738675958188153
0.2470997679814385
0.24681344148319814
0.2465277777777778
0.24739884393063583
0.2471131639722864
0.24798154555940022
0.24769585253456222
0.24856156501726123
0.2482758620689655
0.24799081515499427
0.24770642201834864
0.24742268041237114
0.2471395881006865
0.24685714285714286
0.2465753424657534
0.24629418472063855
0.2460136674259681
0.24573378839590443
0.24545454545454545
0.246311010215664
0.2471655328798186
0.24688561721404303
0.24660633484162897
0.24632768361581922
0.24604966139954854
0.24577226606538896
0.24549549549549549
0.24634420697412823
0.24606741573033708
0.24579124579124578
0.24551569506726456
0.24524076147816348
0.24608501118568232
0.24692737430167597
0.24665178571428573
0.24749163879598662
0.24832962138084633
0.24805339265850945
0.2477777777777778
0.24750277469478357
0.24722838137472283
0.2469545957918051
0.24778761061946902
0.24861878453038674
0.24944812362030905
0.25027563395810365
0.25
0.24972497249724973
0.24945054945054945
0.2491767288693743
0.24890350877192982
0.24863088718510407
0.24945295404814005
0.2502732240437158
0.25
0.24972737186477645
0.2494553376906318
0.24918389553862894
0.25
0.249728555917481
0.24945770065075923
0.24918743228602383
0.24891774891774893
0.24972972972972973
0.2505399568034557
0.25026968716289105
0.25
0.25080731969860065
0.25053763440860216
0.2513426423200859
0.2521459227467811
0.25187566988210075
0.25160599571734477
0.25133689839572193
0.25106837606837606
0.2508004268943437
0.2505330490405117
0.25026624068157616
0.25
0.24973432518597238
0.2505307855626327
0.25026511134676566
0.25
0.2507936507936508
0.25052854122621565
0.25131995776135163
0.2510548523206751
0.2507903055848261
0.25157894736842107
0.25236593059936907
0.25210084033613445
0.2518363064008394
0.2526205450733753
0.2534031413612565
0.25313807531380755
0.25287356321839083
0.25260960334029225
0.2523461939520334
0.2520833333333333
0.2518210197710718
0.2515592515592516
0.2512980269989616
0.2520746887966805
0.25181347150259065
0.2515527950310559
0.25232678386763185
0.25206611570247933
0.2518059855521156
0.2515463917525773
0.2512873326467559
0.25102880658436216
0.2517985611510791
0.2515400410677618
0.2523076923076923
0.2520491803278688
0.25281473899692936
0.25357873210633947
0.254341164453524
0.2540816326530612
0.25382262996941896
0.2535641547861507
0.2533062054933876
0.2530487804878049
0.25279187817258886
0.2525354969574036
0.25227963525835867
0.25303643724696356
0.2527805864509606
0.25353535353535356
0.2542885973763875
0.2540322580645161
0.2537764350453172
0.2535211267605634
0.2542713567839196
0.2540160642570281
0.25376128385155466
0.2535070140280561
0.25325325325325326
0.253
