0.0
0.0
0.0
0.25
0.2
0.3333333333333333
0.42857142857142855
0.375
0.4444444444444444
0.4
0.36363636363636365
0.3333333333333333
0.38461538461538464
0.35714285714285715
0.3333333333333333
0.3125
0.29411764705882354
0.2777777777777778
0.3157894736842105
0.3
0.3333333333333333
0.3181818181818182
0.30434782608695654
0.3333333333333333
0.32
0.34615384615384615
0.3333333333333333
0.32142857142857145
0.3103448275862069
0.3333333333333333
0.3225806451612903
0.3125
0.3333333333333333
0.3235294117647059
0.34285714285714286
0.3333333333333333
0.35135135135135137
0.34210526315789475
0.358974358974359
0.35
0.34146341463414637
0.35714285714285715
0.3488372093023256
0.3409090909090909
0.3333333333333333
0.34782608695652173
0.3617021276595745
0.3541666666666667
0.3469387755102041
0.34
0.3333333333333333
0.34615384615384615
0.33962264150943394
0.3333333333333333
0.32727272727272727
0.3392857142857143
0.3508771929824561
0.3448275862068966
0.3389830508474576
0.3333333333333333
0.32786885245901637
0.3225806451612903
0.31746031746031744
0.3125
0.3076923076923077
0.30303030303030304
0.29850746268656714
0.3088235294117647
0.3188405797101449
0.3142857142857143
0.323943661971831
0.3333333333333333
0.3287671232876712
0.33783783783783783
0.3466666666666667
0.34210526315789475
0.33766233766233766
0.3333333333333333
0.34177215189873417
0.3375
0.345679012345679
0.34146341463414637
0.3373493975903614
0.3333333333333333
0.32941176470588235
0.32558139534883723
0.3218390804597701
0.3181818181818182
0.3258426966292135
0.32222222222222224
0.32967032967032966
0.32608695652173914
0.3225806451612903
0.3191489361702128
0.3157894736842105
0.3125
0.30927835051546393
0.3163265306122449
0.31313131313131315
0.31
0.3069306930693069
0.30392156862745096
0.30097087378640774
0.2980769230769231
0.29523809523809524
0.29245283018867924
0.2897196261682243
0.2962962962962963
0.29357798165137616
0.3
0.2972972972972973
0.29464285714285715
0.2920353982300885
0.2894736842105263
0.28695652173913044
0.29310344827586204
0.2905982905982906
0.2966101694915254
0.29411764705882354
0.3
0.30578512396694213
0.3114754098360656
0.3170731707317073
0.31451612903225806
0.312
0.30952380952380953
0.31496062992125984
0.3203125
0.32558139534883723
0.3230769230769231
0.32061068702290074
0.3181818181818182
0.3157894736842105
0.31343283582089554
0.3111111111111111
0.3088235294117647
0.30656934306569344
0.30434782608695654
0.30935251798561153
0.30714285714285716
0.3049645390070922
0.3028169014084507
0.3076923076923077
0.3055555555555556
0.30344827586206896
0.3082191780821918
0.30612244897959184
0.30405405405405406
0.30201342281879195
0.30666666666666664
0.31125827814569534
0.3092105263157895
0.30718954248366015
0.3051948051948052
0.3096774193548387
0.3076923076923077
0.3057324840764331
0.3037974683544304
0.3018867924528302
0.30625
0.3105590062111801
0.30864197530864196
0.3128834355828221
0.3170731707317073
0.3212121212121212
0.3192771084337349
0.31736526946107785
0.31547619047619047
0.31952662721893493
0.3176470588235294
0.3157894736842105
0.313953488372093
0.31213872832369943
0.3103448275862069
0.30857142857142855
0.3068181818181818
0.3107344632768362
0.3089887640449438
0.30726256983240224
0.3055555555555556
0.30386740331491713
0.3021978021978022
0.3005464480874317
0.30434782608695654
0.3027027027027027
0.3010752688172043
0.2994652406417112
0.2978723404255319
0.2962962962962963
0.29473684210526313
0.2931937172774869
0.2916666666666667
0.29015544041450775
0.28865979381443296
0.2923076923076923
0.29591836734693877
0.29441624365482233
0.29797979797979796
0.2964824120603015
0.295
0.2935323383084577
0.29207920792079206
0.29064039408866993
0.28921568627450983
0.28780487804878047
0.2912621359223301
0.2898550724637681
0.2932692307692308
0.291866028708134
0.2904761904761905
0.2890995260663507
0.28773584905660377
0.2863849765258216
0.2850467289719626
0.2837209302325581
0.2824074074074074
0.28110599078341014
0.2798165137614679
0.2785388127853881
0.2772727272727273
0.28054298642533937
0.27927927927927926
0.27802690582959644
0.2767857142857143
0.27555555555555555
0.2743362831858407
0.27312775330396477
0.2719298245614035
0.27510917030567683
0.27391304347826084
0.2727272727272727
0.27586206896551724
0.27896995708154504
0.2777777777777778
0.2765957446808511
0.2754237288135593
0.27848101265822783
0.2773109243697479
0.2803347280334728
0.2791666666666667
0.2821576763485477
0.28512396694214875
0.2839506172839506
0.2827868852459016
0.2816326530612245
0.2804878048780488
0.2793522267206478
0.2782258064516129
0.27710843373493976
0.276
0.2749003984063745
0.2777777777777778
0.28063241106719367
0.2795275590551181
0.2784313725490196
0.27734375
0.27626459143968873
0.2751937984496124
0.277992277992278
0.27692307692307694
0.27586206896551724
0.2748091603053435
0.2737642585551331
0.2765151515151515
0.27547169811320754
0.2744360902255639
0.27715355805243447
0.2798507462686567
0.2788104089219331
0.2777777777777778
0.28044280442804426
0.28308823529411764
0.28205128205128205
0.28102189781021897
0.28
0.2826086956521739
0.2815884476534296
0.2841726618705036
0.2867383512544803
0.2857142857142857
0.2846975088967972
0.28368794326241137
0.2826855123674912
0.2852112676056338
0.28771929824561404
0.2867132867132867
0.2857142857142857
0.2847222222222222
0.2837370242214533
0.2827586206896552
0.281786941580756
0.2808219178082192
0.2832764505119454
0.282312925170068
0.2847457627118644
0.28378378378378377
0.28619528619528617
0.28523489932885904
0.28762541806020064
0.2866666666666667
0.28903654485049834
0.28807947019867547
0.2871287128712871
0.2894736842105263
0.28852459016393445
0.2875816993464052
0.28664495114006516
0.2857142857142857
0.284789644012945
0.2838709677419355
0.2829581993569132
0.28205128205128205
0.28115015974440893
0.28343949044585987
0.2857142857142857
0.2848101265822785
0.28391167192429023
0.2861635220125786
0.2884012539184953
0.2875
0.2866043613707165
0.2857142857142857
0.28792569659442724
0.28703703703703703
0.28615384615384615
0.2852760736196319
0.28440366972477066
0.2865853658536585
0.2857142857142857
0.28484848484848485
0.28700906344410876
0.286144578313253
0.2882882882882883
0.2874251497005988
0.2865671641791045
0.2857142857142857
0.28486646884273
0.2869822485207101
0.2861356932153392
0.2852941176470588
0.2844574780058651
0.28362573099415206
0.282798833819242
0.2819767441860465
0.2811594202898551
0.2832369942196532
0.28530259365994237
0.28735632183908044
0.28653295128939826
0.2885714285714286
0.28774928774928776
0.2869318181818182
0.28611898016997167
0.2853107344632768
0.28450704225352114
0.28370786516853935
0.28291316526610644
0.28212290502793297
0.28133704735376047
0.28055555555555556
0.27977839335180055
0.281767955801105
0.2837465564738292
0.2857142857142857
0.28493150684931506
0.28688524590163933
0.28610354223433243
0.28804347826086957
0.2872628726287263
0.2891891891891892
0.2884097035040431
0.2903225806451613
0.289544235924933
0.2914438502673797
0.2906666666666667
0.2925531914893617
0.2917771883289125
0.291005291005291
0.29023746701846964
0.2894736842105263
0.29133858267716534
0.2931937172774869
0.2924281984334204
0.2916666666666667
0.2935064935064935
0.2927461139896373
0.29198966408268734
0.29381443298969073
0.2930591259640103
0.2948717948717949
0.29411764705882354
0.29336734693877553
0.2926208651399491
0.29441624365482233
0.2936708860759494
0.29292929292929293
0.29219143576826195
0.29396984924623115
0.2932330827067669
0.2925
0.2942643391521197
0.2960199004975124
0.29528535980148884
0.29455445544554454
0.2962962962962963
0.29802955665024633
0.2972972972972973
0.2965686274509804
0.29584352078239606
0.2951219512195122
0.2944038929440389
0.2961165048543689
0.29782082324455206
0.2995169082125604
0.2987951807228916
0.2980769230769231
0.2973621103117506
0.29904306220095694
0.29832935560859186
0.2976190476190476
0.29691211401425177
0.2962085308056872
0.29550827423167847
0.2971698113207547
0.2988235294117647
0.3004694835680751
0.2997658079625293
0.3014018691588785
0.3006993006993007
0.3
0.29930394431554525
0.30092592592592593
0.3002309468822171
0.2995391705069124
0.2988505747126437
0.30045871559633025
0.30205949656750575
0.3036529680365297
0.30296127562642367
0.30227272727272725
0.30158730158730157
0.3009049773755656
0.3002257336343115
0.29954954954954954
0.298876404494382
0.2982062780269058
0.2975391498881432
0.29910714285714285
0.2984409799554566
0.29777777777777775
0.29711751662971175
0.29646017699115046
0.2958057395143488
0.29515418502202645
0.2945054945054945
0.29605263157894735
0.29540481400437635
0.29694323144104806
0.2962962962962963
0.2956521739130435
0.29718004338394793
0.29653679653679654
0.2980561555075594
0.2974137931034483
0.2967741935483871
0.2982832618025751
0.29764453961456105
0.29914529914529914
0.29850746268656714
0.2978723404255319
0.29936305732484075
0.298728813559322
0.29809725158562367
0.2974683544303797
0.2968421052631579
0.29831932773109243
0.29979035639413
0.29916317991631797
0.2985386221294363
0.29791666666666666
0.2972972972972973
0.2966804979253112
0.29606625258799174
0.29545454545454547
0.2948453608247423
0.294238683127572
0.29568788501026694
0.29508196721311475
0.294478527607362
0.29591836734693877
0.2953156822810591
0.2967479674796748
0.2961460446247465
0.29554655870445345
0.29494949494949496
0.29435483870967744
0.2937625754527163
0.2931726907630522
0.29458917835671344
0.294
0.2934131736526946
0.2948207171314741
0.294234592445328
0.29563492063492064
0.297029702970297
0.2964426877470356
0.2978303747534517
0.297244094488189
0.2966601178781925
0.2980392156862745
0.299412915851272
0.298828125
0.2982456140350877
0.29961089494163423
0.29902912621359223
0.3003875968992248
0.29980657640232106
0.29922779922779924
0.30057803468208094
0.3
0.29942418426103645
0.3007662835249042
0.30019120458891013
0.29961832061068705
0.30095238095238097
0.30038022813688214
0.2998102466793169
0.29924242424242425
0.29867674858223064
0.2981132075471698
0.2994350282485876
0.29887218045112784
0.300187617260788
0.299625468164794
0.30093457943925234
0.3003731343283582
0.29981378026070765
0.2992565055762082
0.300556586270872
0.3
0.30129390018484287
0.3007380073800738
0.3001841620626151
0.3014705882352941
0.30275229357798167
0.3021978021978022
0.3016453382084095
0.3029197080291971
0.302367941712204
0.3018181818181818
0.30127041742286753
0.3007246376811594
0.30018083182640143
0.2996389891696751
0.2990990990990991
0.29856115107913667
0.2980251346499102
0.2992831541218638
0.29874776386404295
0.2982142857142857
0.2976827094474153
0.297153024911032
0.2966252220248668
0.29609929078014185
0.2973451327433628
0.2968197879858657
0.2980599647266314
0.2975352112676056
0.29701230228471004
0.2982456140350877
0.29947460595446584
0.29895104895104896
0.29842931937172773
0.2979094076655052
0.29739130434782607
0.296875
0.29636048526863085
0.2958477508650519
0.2970639032815199
0.296551724137931
0.29604130808950085
0.29553264604810997
0.2950257289879931
0.2945205479452055
0.294017094017094
0.295221843003413
0.29471890971039183
0.2942176870748299
0.2937181663837012
0.29322033898305083
0.29441624365482233
0.2939189189189189
0.2934232715008432
0.29292929292929293
0.292436974789916
0.29194630872483224
0.2931323283082077
0.29264214046822745
0.2921535893155259
0.29333333333333333
0.2928452579034942
0.292358803986711
0.29187396351575456
0.29304635761589404
0.29256198347107437
0.29207920792079206
0.2915980230642504
0.2911184210526316
0.29064039408866993
0.2901639344262295
0.29132569558101473
0.29248366013071897
0.29200652528548127
0.2931596091205212
0.2926829268292683
0.2922077922077922
0.2917341977309562
0.2912621359223301
0.29079159935379645
0.2903225806451613
0.2898550724637681
0.28938906752411575
0.29052969502407705
0.2900641025641026
0.2896
0.28913738019169327
0.2886762360446571
0.2898089171974522
0.2893481717011129
0.28888888888888886
0.2884310618066561
0.2879746835443038
0.28751974723538704
0.2870662460567823
0.28818897637795277
0.28773584905660377
0.28885400313971743
0.2884012539184953
0.28794992175273865
0.2875
0.28861154446177845
0.2881619937694704
0.2892690513219285
0.2888198757763975
0.289922480620155
0.2894736842105263
0.2890262751159196
0.28858024691358025
0.288135593220339
0.2876923076923077
0.2872503840245776
0.28680981595092025
0.28637059724349156
0.2874617737003058
0.2870229007633588
0.2865853658536585
0.2861491628614916
0.2872340425531915
0.2883156297420334
0.2878787878787879
0.28895612708018154
0.28851963746223563
0.28808446455505277
0.2891566265060241
0.2887218045112782
0.2882882882882883
0.28785607196401797
0.2874251497005988
0.28699551569506726
0.2865671641791045
0.28614008941877794
0.2857142857142857
0.2852897473997028
0.28486646884273
0.28444444444444444
0.28402366863905326
0.28360413589364847
0.28466076696165193
0.2857142857142857
0.2852941176470588
0.28487518355359764
0.2844574780058651
0.2840409956076135
0.28362573099415206
0.2846715328467153
0.28425655976676384
0.2838427947598253
0.28488372093023256
0.28592162554426703
0.28695652173913044
0.2865412445730825
0.2861271676300578
0.2857142857142857
0.28530259365994237
0.28633093525179854
0.2859195402298851
0.2855093256814921
0.2851002865329513
0.2861230329041488
0.28714285714285714
0.28815977175463625
0.28774928774928776
0.28733997155049784
0.2869318181818182
0.2865248226950355
0.28611898016997167
0.2871287128712871
0.288135593220339
0.28772919605077574
0.2887323943661972
0.2883263009845288
0.28792134831460675
0.28892005610098176
0.28851540616246496
0.2881118881118881
0.28910614525139666
0.28870292887029286
0.2883008356545961
0.28929068150208626
0.28888888888888886
0.2884882108183079
0.2880886426592798
0.28769017980636236
0.287292817679558
0.2868965517241379
0.2878787878787879
0.28885832187070154
0.28846153846153844
0.2880658436213992
0.2876712328767123
0.28864569083447333
0.2896174863387978
0.2892223738062756
0.2888283378746594
0.28843537414965986
0.28804347826086957
0.2876526458616011
0.2872628726287263
0.2868741542625169
0.2864864864864865
0.28609986504723345
0.2857142857142857
0.2853297442799462
0.2849462365591398
0.28456375838926173
0.28418230563002683
0.2838018741633199
0.28342245989304815
0.28304405874499333
0.284
0.28495339547270304
0.2845744680851064
0.28419654714475434
0.2838196286472148
0.28344370860927154
0.2830687830687831
0.28269484808454426
0.28232189973614774
0.28194993412384717
0.28157894736842104
0.28252299605781866
0.2821522309711286
0.2817824377457405
0.281413612565445
0.28104575163398693
0.2819843342036554
0.2816166883963494
0.28125
0.2808842652795839
0.2805194805194805
0.2814526588845655
0.2810880829015544
0.2820181112548512
0.28165374677002586
0.2812903225806452
0.2809278350515464
0.2805662805662806
0.2814910025706941
0.2811296534017972
0.28076923076923077
0.28169014084507044
0.2813299232736573
0.2822477650063857
0.28188775510204084
0.28152866242038216
0.2824427480916031
0.2820838627700127
0.282994923857868
0.28390367553865653
0.28354430379746837
0.2831858407079646
0.2828282828282828
0.28247162673392184
0.28211586901763225
0.28176100628930817
0.2814070351758794
0.2810539523212045
0.2807017543859649
0.2816020025031289
0.28125
0.2808988764044944
0.2805486284289277
0.28144458281444584
0.28233830845771146
0.28322981366459626
0.2841191066997519
0.28376703841387857
0.2834158415841584
0.2830655129789864
0.28271604938271605
0.28236744759556104
0.2832512315270936
0.2829028290282903
0.28255528255528256
0.2822085889570552
0.2818627450980392
0.28151774785801714
0.28117359413202936
0.28083028083028083
0.2804878048780488
0.2801461632155907
0.2798053527980535
0.28068043742405835
0.2803398058252427
0.28
0.2796610169491525
0.279322853688029
0.27898550724637683
0.27864897466827504
0.2783132530120482
0.27918170878459686
0.27884615384615385
0.2785114045618247
0.27817745803357313
0.27904191616766466
0.27870813397129185
0.27837514934289126
0.27804295942720764
0.27771156138259834
0.2785714285714286
0.2794292508917955
0.27909738717339666
0.27995255041518385
0.2796208530805687
0.2804733727810651
0.2801418439716312
0.2798110979929162
0.2794811320754717
0.2791519434628975
0.2788235294117647
0.2796709753231492
0.2793427230046948
0.2790152403282532
0.2786885245901639
0.2783625730994152
0.2780373831775701
0.2777129521586931
0.2773892773892774
0.2770663562281723
0.27674418604651163
0.2764227642276423
0.27610208816705334
0.27578215527230593
0.27546296296296297
0.2751445086705202
0.2759815242494226
0.27566320645905423
0.27534562211981567
0.2761795166858458
0.27586206896551724
0.2755453501722158
0.27522935779816515
0.27491408934707906
0.2745995423340961
0.2754285714285714
0.2751141552511416
0.2748004561003421
0.2744874715261959
0.2753128555176337
0.275
0.2746878547105562
0.2755102040816326
0.27519818799546997
0.2748868778280543
0.27570621468926554
0.27539503386004516
0.2750845546786922
0.2747747747747748
0.2744656917885264
0.27415730337078653
0.2738496071829405
0.273542600896861
0.2732362821948488
0.27293064876957496
0.2737430167597765
0.27455357142857145
0.27424749163879597
0.2750556792873051
0.27474972191323693
0.27444444444444444
0.27524972253052166
0.2749445676274945
0.27464008859357697
0.2743362831858407
0.2740331491712707
0.2737306843267108
0.27342888643880925
0.27312775330396477
0.27282728272827284
0.27362637362637365
0.27332601536772777
0.2730263157894737
0.2727272727272727
0.2724288840262582
0.2721311475409836
0.2718340611353712
0.27153762268266085
0.27233115468409586
0.2731229597388466
0.27391304347826084
0.2747014115092291
0.27440347071583515
0.27410617551462624
0.27380952380952384
0.2735135135135135
0.2732181425485961
0.27292340884573896
0.27262931034482757
0.2723358449946179
0.2731182795698925
0.2728249194414608
0.27253218884120173
0.2733118971061093
0.2740899357601713
0.2737967914438503
0.27350427350427353
0.27321237993596587
0.27292110874200426
0.27263045793397234
0.2723404255319149
0.2720510095642933
0.27176220806794055
0.271474019088017
0.2711864406779661
0.27195767195767195
0.27167019027484146
0.2713833157338965
0.27109704641350213
0.2708113804004215
0.27052631578947367
0.27024185068349105
0.2699579831932773
0.2696747114375656
0.2693920335429769
0.26910994764397905
0.2688284518828452
0.26854754440961337
0.26826722338204595
0.26798748696558916
0.2677083333333333
0.2684703433922997
0.2692307692307692
0.26895119418483904
0.26867219917012447
0.2683937823834197
0.26811594202898553
0.2688728024819028
0.26962809917355374
0.2693498452012384
0.27010309278350514
0.2698249227600412
0.26954732510288065
0.27029804727646456
0.27002053388090347
0.26974358974358975
0.2694672131147541
0.2691914022517912
0.2689161554192229
0.2686414708886619
0.2683673469387755
0.26809378185524974
0.26782077393075354
0.26754832146490337
0.26727642276422764
0.26802030456852793
0.26774847870182555
0.2674772036474164
0.2682186234817814
0.2679474216380182
0.2676767676767677
0.2684157416750757
0.26814516129032256
0.2678751258811682
0.2676056338028169
0.26733668341708544
0.26706827309236947
0.2668004012036108
0.2665330661322645
0.2672672672672673
0.267
