1.0
1.0
1.0
1.0
1.0
1.0
1.0
1.0
1.0
1.0
1.0
1.0
1.0
0.9333333333333333
0.9375
0.9411764705882353
0.9444444444444444
0.9473684210526315
0.95
0.9523809523809523
0.9545454545454546
0.9565217391304348
0.9583333333333334
0.96
0.9615384615384616
0.9629629629629629
0.9642857142857143
0.9655172413793104
0.9666666666666667
0.967741935483871
0.96875
0.9696969696969697
0.9705882352941176
0.9714285714285714
0.9722222222222222
0.972972972972973
0.9736842105263158
0.9743589743589743
0.975
0.975609756097561
0.9761904761904762
0.9767441860465116
0.9772727272727273
0.9777777777777777
0.9782608695652174
0.9787234042553191
0.9791666666666666
0.9795918367346939
0.98
0.9803921568627451
0.9807692307692307
0.9811320754716981
0.9814814814814815
0.9818181818181818
0.9821428571428571
0.9655172413793104
0.9661016949152542
0.9666666666666667
0.9672131147540983
0.967741935483871
0.9682539682539683
0.96875
0.9692307692307692
0.9696969696969697
0.9701492537313433
0.9705882352941176
0.9710144927536232
0.9714285714285714
0.971830985915493
0.9722222222222222
0.9726027397260274
0.972972972972973
0.9733333333333334
0.9736842105263158
0.974025974025974
0.9743589743589743
0.9746835443037974
0.975
0.9753086419753086
0.975609756097561
0.9759036144578314
0.9761904761904762
0.9764705882352941
0.9767441860465116
0.9770114942528736
0.9772727272727273
0.9775280898876404
0.9777777777777777
0.978021978021978
0.967741935483871
0.9680851063829787
0.968421052631579
0.96875
0.9690721649484536
0.9693877551020408
0.9696969696969697
0.97
0.9702970297029703
0.9705882352941176
0.970873786407767
0.9711538461538461
0.9714285714285714
0.9716981132075472
0.9719626168224299
0.9722222222222222
0.9724770642201835
0.9727272727272728
0.972972972972973
0.9732142857142857
0.9734513274336283
0.9736842105263158
0.9739130434782609
0.9741379310344828
0.9743589743589743
0.9745762711864406
0.9747899159663865
0.975
0.9752066115702479
0.9754098360655737
0.975609756097561
0.9758064516129032
0.976
0.9761904761904762
0.9763779527559056
0.9765625
0.9767441860465116
0.9769230769230769
0.9770992366412213
0.9772727272727273
0.9774436090225563
0.9776119402985075
0.9777777777777777
0.9779411764705882
0.9781021897810219
0.9782608695652174
0.9784172661870504
0.9785714285714285
0.9787234042553191
0.9788732394366197
0.9790209790209791
0.9791666666666666
0.9793103448275862
0.9794520547945206
0.9795918367346939
0.9797297297297297
0.9798657718120806
0.98
0.9801324503311258
0.9802631578947368
0.9803921568627451
0.9805194805194806
0.9806451612903225
0.9807692307692307
0.9808917197452229
0.9810126582278481
0.9811320754716981
0.98125
0.9813664596273292
0.9814814814814815
0.9815950920245399
0.9817073170731707
0.9818181818181818
0.9819277108433735
0.9820359281437125
0.9821428571428571
0.9822485207100592
0.9823529411764705
0.9824561403508771
0.9825581395348837
0.9826589595375722
0.9827586206896551
0.9828571428571429
0.9829545454545454
0.9830508474576272
0.9831460674157303
0.9832402234636871
0.9833333333333333
0.9834254143646409
0.9835164835164835
0.9836065573770492
0.9836956521739131
0.9837837837837838
0.9838709677419355
0.983957219251337
0.9840425531914894
0.9841269841269841
0.9842105263157894
0.9842931937172775
0.984375
0.9844559585492227
0.9845360824742269
0.9846153846153847
0.9846938775510204
0.9847715736040609
0.9848484848484849
0.98
0.9800995024875622
0.9801980198019802
0.9802955665024631
0.9803921568627451
0.9804878048780488
0.9805825242718447
0.9806763285024155
0.9807692307692307
0.9808612440191388
0.9809523809523809
0.981042654028436
0.9811320754716981
0.9812206572769953
0.9813084112149533
0.9768518518518519
0.9769585253456221
0.9770642201834863
0.9771689497716894
0.9772727272727273
0.972972972972973
0.9730941704035875
0.9732142857142857
0.9690265486725663
0.9691629955947136
0.9692982456140351
0.9694323144104804
0.9695652173913043
0.9696969696969697
0.9698275862068966
0.9699570815450643
0.9700854700854701
0.9702127659574468
0.9703389830508474
0.9704641350210971
0.9705882352941176
0.9707112970711297
0.9628099173553719
0.9629629629629629
0.9631147540983607
0.963265306122449
0.9634146341463414
0.9635627530364372
0.9637096774193549
0.963855421686747
0.964
0.9641434262948207
0.9642857142857143
0.9644268774703557
0.9645669291338582
0.9647058823529412
0.96484375
0.9649805447470817
0.9651162790697675
0.9652509652509652
0.9653846153846154
0.9655172413793104
0.9656488549618321
0.9657794676806084
0.9659090909090909
0.9660377358490566
0.9661654135338346
0.9662921348314607
0.9664179104477612
0.966542750929368
0.9666666666666667
0.966789667896679
0.9669117647058824
0.967032967032967
0.9671532846715328
0.9672727272727273
0.967391304347826
0.9675090252707581
0.9676258992805755
0.967741935483871
0.9678571428571429
0.9679715302491103
0.9680851063829787
0.9681978798586572
0.9683098591549296
0.968421052631579
0.9685314685314685
0.9686411149825784
0.96875
0.9688581314878892
0.9689655172413794
0.9657534246575342
0.9658703071672355
0.9659863945578231
0.9661016949152542
0.9662162162162162
0.9663299663299664
0.9664429530201343
0.9665551839464883
0.9666666666666667
0.9667774086378738
0.9668874172185431
0.966996699669967
0.9671052631578947
0.9672131147540983
0.9673202614379085
0.9674267100977199
0.9675324675324676
0.9676375404530745
0.967741935483871
0.9678456591639871
0.967948717948718
0.964968152866242
0.9650793650793651
0.9651898734177216
0.9652996845425867
0.9654088050314465
0.9655172413793104
0.965625
0.9657320872274143
0.9658385093167702
0.9659442724458205
0.9660493827160493
0.9631901840490797
0.963302752293578
0.9634146341463414
0.9635258358662614
0.9607250755287009
0.9608433734939759
0.960960960960961
0.9610778443113772
0.9611940298507463
0.9613095238095238
0.9614243323442137
0.9615384615384616
0.9588235294117647
0.9589442815249267
0.9590643274853801
0.9591836734693877
0.9593023255813954
0.9594202898550724
0.9595375722543352
0.9596541786743515
0.9597701149425287
0.9598853868194842
0.96
0.9601139601139601
0.9602272727272727
0.9603399433427762
0.96045197740113
0.9605633802816902
0.9606741573033708
0.9607843137254902
0.9608938547486033
0.9610027855153204
0.9611111111111111
0.9585635359116023
0.9586776859504132
0.9587912087912088
0.958904109589041
0.9590163934426229
0.9591280653950953
0.9592391304347826
0.959349593495935
0.9594594594594594
0.9595687331536388
0.9596774193548387
0.9597855227882037
0.9598930481283422
0.96
0.9601063829787234
0.9602122015915119
0.9603174603174603
0.9604221635883905
0.9605263157894737
0.9581151832460733
0.95822454308094
0.9583333333333334
0.9584415584415584
0.9585492227979274
0.958656330749354
0.9587628865979382
0.9588688946015425
0.958974358974359
0.959079283887468
0.9591836734693877
0.9592875318066157
0.9593908629441624
0.959493670886076
0.9595959595959596
0.9596977329974811
0.9597989949748744
0.9598997493734336
0.96
0.9600997506234414
0.9601990049751243
0.9602977667493796
0.9603960396039604
0.9604938271604938
0.9605911330049262
0.9606879606879607
0.9607843137254902
0.960880195599022
0.9609756097560975
0.9610705596107056
0.9611650485436893
0.9612590799031477
0.961352657004831
0.9614457831325302
0.9615384615384616
0.9616306954436451
0.9617224880382775
0.9618138424821002
0.9619047619047619
0.9619952494061758
0.9620853080568721
0.9621749408983451
0.9622641509433962
0.9623529411764706
0.9624413145539906
0.9625292740046838
0.9626168224299065
0.9627039627039627
0.9627906976744186
0.962877030162413
0.9629629629629629
0.9630484988452656
0.9631336405529954
0.9632183908045977
0.963302752293578
0.9633867276887872
0.9634703196347032
0.9635535307517085
0.9636363636363636
0.963718820861678
0.9638009049773756
0.963882618510158
0.963963963963964
0.9640449438202248
0.9641255605381166
0.9642058165548099
0.9642857142857143
0.9643652561247216
0.9644444444444444
0.9645232815964523
0.9646017699115044
0.9646799116997793
0.9647577092511013
0.9648351648351648
0.9649122807017544
0.9649890590809628
0.9650655021834061
0.9651416122004357
0.9652173913043478
0.96529284164859
0.9653679653679653
0.9654427645788337
0.9655172413793104
0.9655913978494624
0.9656652360515021
0.9657387580299786
0.9658119658119658
0.9658848614072495
0.9659574468085106
0.9660297239915074
0.9661016949152542
0.9661733615221987
0.9662447257383966
0.9663157894736842
0.9663865546218487
0.9664570230607966
0.9665271966527197
0.9665970772442589
0.9666666666666667
0.9667359667359667
0.966804979253112
0.9668737060041408
0.9669421487603306
0.9670103092783505
0.9670781893004116
0.9671457905544147
0.9672131147540983
0.967280163599182
0.9673469387755103
0.9674134419551935
0.967479674796748
0.9675456389452333
0.9676113360323887
0.9676767676767677
0.967741935483871
0.9678068410462777
0.9678714859437751
0.9679358717434869
0.968
0.9680638722554891
0.9681274900398407
0.9681908548707754
0.9682539682539683
0.9683168316831683
0.9683794466403162
0.9684418145956607
0.968503937007874
0.9685658153241651
0.9686274509803922
0.9686888454011742
0.96875
0.9688109161793372
0.9688715953307393
0.9689320388349515
0.9689922480620154
0.9690522243713733
0.9691119691119691
0.9691714836223507
0.9692307692307692
0.9692898272552783
0.9693486590038314
0.9694072657743786
0.9694656488549618
0.9695238095238096
0.9695817490494296
0.969639468690702
0.9696969696969697
0.9697542533081286
0.969811320754717
0.9698681732580038
0.9699248120300752
0.9699812382739212
0.9700374531835206
0.9700934579439252
0.9701492537313433
0.9684014869888475
0.9684601113172542
0.9685185185185186
0.9685767097966729
0.9686346863468634
0.9686924493554327
0.96875
0.9688073394495413
0.9688644688644689
0.9689213893967094
0.968978102189781
0.9690346083788707
0.9690909090909091
0.969147005444646
0.9692028985507246
0.969258589511754
0.9693140794223827
0.9693693693693693
0.9694244604316546
0.9694793536804309
0.9695340501792115
0.9695885509838998
0.9696428571428571
0.9696969696969697
0.9697508896797153
0.9698046181172292
0.9698581560283688
0.9699115044247788
0.9699646643109541
0.9700176366843033
0.9700704225352113
0.9701230228471002
0.9701754385964912
0.9702276707530648
0.9702797202797203
0.9703315881326352
0.9703832752613241
0.9704347826086956
0.9704861111111112
0.9705372616984402
0.9705882352941176
0.9706390328151986
0.9706896551724138
0.9707401032702238
0.9707903780068728
0.9708404802744426
0.9708904109589042
0.9709401709401709
0.9709897610921502
0.9710391822827938
0.9710884353741497
0.9711375212224108
0.9711864406779661
0.9712351945854484
0.9712837837837838
0.9713322091062394
0.9713804713804713
0.9714285714285714
0.9714765100671141
0.9715242881072027
0.9715719063545151
0.9716193656093489
0.9700499168053245
0.9700996677740864
0.9701492537313433
0.9701986754966887
0.9702479338842975
0.9702970297029703
0.9703459637561779
0.9703947368421053
0.9704433497536946
0.9704918032786886
0.9705400981996727
0.9705882352941176
0.9706362153344209
0.9706840390879479
0.9707317073170731
0.9707792207792207
0.9708265802269044
0.970873786407767
0.9709208400646203
0.9709677419354839
0.9710144927536232
0.9710610932475884
0.971107544141252
0.9711538461538461
0.9712
0.9712460063897763
0.9712918660287081
0.9713375796178344
0.9713831478537361
0.9714285714285714
0.971473851030111
0.9715189873417721
0.9715639810426541
0.9716088328075709
0.9716535433070866
0.9716981132075472
0.9717425431711146
0.9717868338557993
0.971830985915493
0.971875
0.9719188767550702
0.9719626168224299
0.9720062208398134
0.9720496894409938
0.9720930232558139
0.9721362229102167
0.9721792890262752
0.9722222222222222
0.9722650231124808
0.9723076923076923
0.9723502304147466
0.9723926380368099
0.9724349157733537
0.9724770642201835
0.9725190839694656
0.9725609756097561
0.9726027397260274
0.9726443768996961
0.9726858877086495
0.9727272727272728
0.972768532526475
0.972809667673716
0.9728506787330317
0.9728915662650602
0.9729323308270676
0.972972972972973
0.9730134932533733
0.9730538922155688
0.9730941704035875
0.9731343283582089
0.9731743666169895
0.9732142857142857
0.9732540861812778
0.973293768545994
0.9733333333333334
0.9733727810650887
0.9734121122599705
0.9734513274336283
0.9734904270986745
0.9735294117647059
0.973568281938326
0.9736070381231672
0.9736456808199122
0.9736842105263158
0.9737226277372263
0.9737609329446064
0.9737991266375546
0.9738372093023255
0.9738751814223512
0.9739130434782609
0.9739507959479016
0.9725829725829725
0.9726224783861671
0.9726618705035971
0.9727011494252874
0.9727403156384505
0.9727793696275072
0.9728183118741058
0.9728571428571429
0.9728958630527818
0.9729344729344729
0.972972972972973
0.9730113636363636
0.9730496453900709
0.9730878186968839
0.9731258840169731
0.9731638418079096
0.9732016925246827
0.9732394366197183
0.9732770745428974
0.973314606741573
0.9733520336605891
0.9733893557422969
0.9734265734265735
0.973463687150838
0.9735006973500697
0.9735376044568245
0.9735744089012517
0.9736111111111111
0.9736477115117892
0.9736842105263158
0.9737206085753803
0.9737569060773481
0.9737931034482759
0.9738292011019284
0.9738651994497937
0.9739010989010989
0.9726027397260274
0.9726402188782489
0.9726775956284153
0.9727148703956344
0.9727520435967303
0.9727891156462585
0.9715061058344641
0.9715447154471545
0.9715832205683356
0.9716216216216216
0.97165991902834
0.9716981132075472
0.971736204576043
0.9717741935483871
0.9718120805369127
0.9718498659517426
0.9718875502008032
0.9719251336898396
0.9719626168224299
0.972
0.9720372836218375
0.9720744680851063
0.9721115537848606
0.9721485411140584
0.9721854304635762
0.9722222222222222
0.9722589167767504
0.9722955145118733
0.9723320158102767
0.9723684210526315
0.9724047306176085
0.9724409448818898
0.9724770642201835
0.9725130890052356
0.9725490196078431
0.9725848563968669
0.9726205997392438
0.97265625
0.9726918075422627
0.9727272727272728
0.9727626459143969
0.9727979274611399
0.9728331177231565
0.9728682170542635
0.9729032258064516
0.9729381443298969
0.972972972972973
0.9730077120822622
0.9730423620025674
0.9730769230769231
0.9731113956466069
0.9731457800511509
0.9731800766283525
0.9732142857142857
0.9732484076433121
0.9732824427480916
0.9733163913595934
0.9733502538071066
0.973384030418251
0.9734177215189873
0.9734513274336283
0.9734848484848485
0.9735182849936949
0.9735516372795969
0.9735849056603774
0.9736180904522613
0.973651191969887
0.9736842105263158
0.9737171464330413
0.97375
0.9737827715355806
0.9738154613466334
0.9738480697384807
0.9738805970149254
0.9739130434782609
0.9739454094292804
0.9739776951672863
0.974009900990099
0.9740420271940667
0.9740740740740741
0.9741060419235512
0.9741379310344828
0.974169741697417
0.9742014742014742
0.9742331288343559
0.9742647058823529
0.9742962056303549
0.9743276283618582
0.9743589743589743
0.974390243902439
0.97442143727162
0.9744525547445255
0.9744835965978129
0.9745145631067961
0.9745454545454545
0.9745762711864406
0.9746070133010882
0.9746376811594203
0.9746682750301568
0.9746987951807229
0.9747292418772563
0.9747596153846154
0.9747899159663865
0.9748201438848921
0.9748502994011976
0.9748803827751196
0.974910394265233
0.9749403341288783
0.9749702026221693
0.975
0.9750297265160524
0.9750593824228029
0.9750889679715302
0.9751184834123223
0.9751479289940829
0.975177304964539
0.9752066115702479
0.9752358490566038
0.9752650176678446
0.9752941176470589
0.9753231492361927
0.9753521126760564
0.9753810082063306
0.9754098360655737
0.9754385964912281
0.9754672897196262
0.9754959159859977
0.9755244755244755
0.9755529685681025
0.9755813953488373
0.975609756097561
0.9756380510440835
0.9756662804171495
0.9756944444444444
0.9757225433526011
0.9757505773672055
0.9757785467128027
0.9758064516129032
0.9758342922899885
0.9758620689655172
0.9758897818599311
0.9759174311926605
0.9759450171821306
0.9759725400457666
0.976
0.976027397260274
0.976054732041049
0.9760820045558086
0.9761092150170648
0.9761363636363637
0.9761634506242906
0.9761904761904762
0.9762174405436014
0.9762443438914027
0.976271186440678
0.9762979683972912
0.9763246899661782
0.9763513513513513
0.9763779527559056
0.9764044943820225
0.9764309764309764
0.976457399103139
0.9764837625979843
0.9765100671140939
0.976536312849162
0.9765625
0.9765886287625418
0.9766146993318485
0.9766407119021134
0.9766666666666667
0.97669256381798
0.9767184035476718
0.9767441860465116
0.9767699115044248
0.9767955801104973
0.9768211920529801
0.9768467475192943
0.9768722466960352
0.976897689768977
0.9769230769230769
0.9758771929824561
0.9759036144578314
0.975929978118162
0.9759562841530055
0.9759825327510917
0.9760087241003271
0.9760348583877996
0.975
0.9750271444082519
0.9750542299349241
0.9750812567713976
0.9751082251082251
0.9751351351351352
0.9751619870410367
0.9751887810140237
0.9752155172413793
0.9752421959095802
0.975268817204301
0.9752953813104189
0.9753218884120172
0.9753483386923901
0.9753747323340471
0.9754010695187165
0.9754273504273504
0.9754535752401281
0.9754797441364605
0.9755058572949947
0.975531914893617
0.975557917109458
0.975583864118896
0.975609756097561
0.975635593220339
0.9756613756613757
0.9756871035940803
0.9757127771911299
0.9757383966244726
0.9757639620653319
0.9757894736842105
0.9758149316508938
0.9758403361344538
0.9758656873032528
0.9758909853249476
0.9759162303664921
0.9759414225941423
0.9759665621734587
0.975991649269311
0.9760166840458812
0.9760416666666667
0.9760665972944849
0.9760914760914761
0.9761163032191069
0.9761410788381742
0.9761658031088083
0.9761904761904762
0.9762150982419855
0.9762396694214877
0.9762641898864809
0.9762886597938144
0.976313079299691
0.9763374485596708
0.9763617677286742
0.9763860369609856
0.9764102564102564
0.9764344262295082
0.9764585465711362
0.976482617586912
0.9765066394279878
0.976530612244898
0.9765545361875637
0.9765784114052953
0.9766022380467956
0.9766260162601627
0.9766497461928934
0.9766734279918864
0.9766970618034447
0.9767206477732794
0.9757575757575757
0.9757820383451059
0.9758064516129032
0.9758308157099698
0.9758551307847082
0.9758793969849247
0.9759036144578314
0.9759277833500501
0.9759519038076152
0.975975975975976
0.976
