1.0
1.0
1.0
1.0
1.0
1.0
1.0
1.0
1.0
1.0
1.0
1.0
1.0
1.0
1.0
1.0
1.0
1.0
1.0
1.0
1.0
1.0
1.0
1.0
1.0
1.0
1.0
1.0
1.0
1.0
1.0
1.0
1.0
1.0
1.0
1.0
1.0
1.0
1.0
1.0
1.0
1.0
1.0
1.0
1.0
1.0
1.0
1.0
1.0
1.0
1.0
1.0
1.0
1.0
1.0
1.0
1.0
1.0
1.0
1.0
1.0
1.0
1.0
1.0
1.0
1.0
1.0
1.0
1.0
1.0
1.0
1.0
1.0
1.0
1.0
1.0
1.0
1.0
1.0
1.0
1.0
1.0
1.0
1.0
1.0
1.0
1.0
1.0
1.0
1.0
1.0
1.0
1.0
1.0
1.0
1.0
1.0
1.0
1.0
1.0
1.0
1.0
1.0
1.0
1.0
1.0
1.0
1.0
1.0
1.0
1.0
1.0
1.0
1.0
1.0
1.0
1.0
1.0
1.0
1.0
1.0
1.0
1.0
1.0
1.0
1.0
1.0
1.0
1.0
1.0
1.0
1.0
1.0
1.0
1.0
1.0
1.0
1.0
1.0
1.0
1.0
0.993006993006993
0.9930555555555556
0.993103448275862
0.9931506849315068
0.9931972789115646
0.9932432432432432
0.9932885906040269
0.9933333333333333
0.9933774834437086
0.993421052631579
0.9934640522875817
0.9935064935064936
0.9935483870967742
0.9935897435897436
0.9936305732484076
0.9936708860759493
0.9937106918238994
0.99375
0.9937888198757764
0.9938271604938271
0.9938650306748467
0.9939024390243902
0.9939393939393939
0.9939759036144579
0.9940119760479041
0.9940476190476191
0.9940828402366864
0.9941176470588236
0.9941520467836257
0.9941860465116279
0.9942196531791907
0.9942528735632183
0.9942857142857143
0.9943181818181818
0.9943502824858758
0.9943820224719101
0.994413407821229
0.9944444444444445
0.994475138121547
0.9945054945054945
0.994535519125683
0.9945652173913043
0.9945945945945946
0.9946236559139785
0.9946524064171123
0.9946808510638298
0.9947089947089947
0.9947368421052631
0.9947643979057592
0.9947916666666666
0.9948186528497409
0.9948453608247423
0.9948717948717949
0.9948979591836735
0.9949238578680203
0.9949494949494949
0.9949748743718593
0.995
0.9950248756218906
0.995049504950495
0.9950738916256158
0.9950980392156863
0.9951219512195122
0.9951456310679612
0.9951690821256038
0.9951923076923077
0.9952153110047847
0.9952380952380953
0.995260663507109
0.9952830188679245
0.9953051643192489
0.9953271028037384
0.9953488372093023
0.9953703703703703
0.9953917050691244
0.9954128440366973
0.9954337899543378
0.9954545454545455
0.995475113122172
0.9954954954954955
0.9955156950672646
0.9955357142857143
0.9955555555555555
0.995575221238938
0.9955947136563876
0.9956140350877193
0.9956331877729258
0.9956521739130435
0.9956709956709957
0.9956896551724138
0.9957081545064378
0.9957264957264957
0.9957446808510638
0.9957627118644068
0.9957805907172996
0.9957983193277311
0.99581589958159
0.9958333333333333
0.995850622406639
0.9958677685950413
0.9958847736625515
0.9959016393442623
0.9959183673469387
0.9959349593495935
0.9959514170040485
0.9959677419354839
0.9959839357429718
0.996
0.9960159362549801
0.996031746031746
0.9960474308300395
0.9960629921259843
0.996078431372549
0.99609375
0.9961089494163424
0.9961240310077519
0.9961389961389961
0.9961538461538462
0.9961685823754789
0.9961832061068703
0.9961977186311787
0.9962121212121212
0.9962264150943396
0.9962406015037594
0.9962546816479401
0.996268656716418
0.9962825278810409
0.9962962962962963
0.996309963099631
0.9963235294117647
0.9963369963369964
0.9963503649635036
0.9963636363636363
0.9963768115942029
0.9963898916967509
0.9964028776978417
0.996415770609319
0.9964285714285714
0.99644128113879
0.9964539007092199
0.9964664310954063
0.9964788732394366
0.9964912280701754
0.9965034965034965
0.9965156794425087
0.9965277777777778
0.9965397923875432
0.996551724137931
0.9965635738831615
0.9965753424657534
0.9965870307167235
0.9965986394557823
0.9966101694915255
0.9966216216216216
0.9966329966329966
0.9966442953020134
0.9966555183946488
0.9966666666666667
0.9966777408637874
0.9966887417218543
0.9966996699669967
0.9967105263157895
0.9967213114754099
0.9967320261437909
0.996742671009772
0.9967532467532467
0.9967637540453075
0.9967741935483871
0.9967845659163987
0.9967948717948718
0.9968051118210862
0.9968152866242038
0.9968253968253968
0.9968354430379747
0.9968454258675079
0.9968553459119497
0.9968652037617555
0.996875
0.9968847352024922
0.9968944099378882
0.9969040247678018
0.9969135802469136
0.9969230769230769
0.9969325153374233
0.9969418960244648
0.9969512195121951
0.9969604863221885
0.996969696969697
0.9969788519637462
0.9969879518072289
0.996996996996997
0.9970059880239521
0.9970149253731343
0.9970238095238095
0.9970326409495549
0.9970414201183432
0.9970501474926253
0.9970588235294118
0.9970674486803519
0.9970760233918129
0.9970845481049563
0.997093023255814
0.9971014492753624
0.9971098265895953
0.9971181556195965
0.9971264367816092
0.997134670487106
0.9971428571428571
0.9971509971509972
0.9971590909090909
0.9971671388101983
0.9971751412429378
0.9971830985915493
0.9971910112359551
0.9971988795518207
0.9972067039106145
0.9972144846796658
0.9972222222222222
0.997229916897507
0.9972375690607734
0.9972451790633609
0.9972527472527473
0.9972602739726028
0.9972677595628415
0.997275204359673
0.9972826086956522
0.997289972899729
0.9972972972972973
0.9973045822102425
0.9973118279569892
0.9973190348525469
0.9973262032085561
0.9973333333333333
0.9973404255319149
0.9973474801061007
0.9973544973544973
0.9973614775725593
0.9973684210526316
0.9973753280839895
0.9973821989528796
0.9973890339425587
0.9973958333333334
0.9974025974025974
0.9974093264248705
0.9974160206718347
0.9974226804123711
0.9974293059125964
0.9974358974358974
0.9974424552429667
0.9974489795918368
0.9974554707379135
0.9974619289340102
0.9974683544303797
0.9974747474747475
0.9974811083123426
0.9974874371859297
0.9974937343358395
0.9975
0.9975062344139651
0.9975124378109452
0.9975186104218362
0.9975247524752475
0.9975308641975309
0.9975369458128078
0.9975429975429976
0.9975490196078431
0.9975550122249389
0.9975609756097561
0.9975669099756691
0.9975728155339806
0.9975786924939467
0.9975845410628019
0.9975903614457832
0.9975961538461539
0.9976019184652278
0.9976076555023924
0.9976133651551312
0.9976190476190476
0.997624703087886
0.9976303317535545
0.9976359338061466
0.9976415094339622
0.9976470588235294
0.9976525821596244
0.9976580796252927
0.9976635514018691
0.9976689976689976
0.9976744186046511
0.9976798143851509
0.9976851851851852
0.9976905311778291
0.9976958525345622
0.9977011494252873
0.9977064220183486
0.9977116704805492
0.997716894977169
0.9977220956719818
0.9977272727272727
0.9977324263038548
0.997737556561086
0.9977426636568849
0.9977477477477478
0.9977528089887641
0.9977578475336323
0.9977628635346756
0.9977678571428571
0.9977728285077951
0.9977777777777778
0.9977827050997783
0.9977876106194691
0.9977924944812362
0.9977973568281938
0.9978021978021978
0.9978070175438597
0.9978118161925602
0.9978165938864629
0.9978213507625272
0.9978260869565218
0.9978308026030369
0.9956803455723542
0.9956896551724138
0.9956989247311828
0.9957081545064378
0.9957173447537473
0.9957264957264957
0.9957356076759062
0.9957446808510638
0.9957537154989384
0.9957627118644068
0.9957716701902748
0.9957805907172996
0.9957894736842106
0.9957983193277311
0.9958071278825996
0.99581589958159
0.9958246346555324
0.9958333333333333
0.9958419958419958
0.995850622406639
0.9958592132505176
0.9958677685950413
0.9958762886597938
0.9958847736625515
0.9958932238193019
0.9959016393442623
0.9959100204498977
0.9959183673469387
0.9959266802443992
0.9959349593495935
0.9959432048681541
0.9959514170040485
0.9959595959595959
0.9959677419354839
0.9959758551307847
0.9959839357429718
0.9959919839679359
0.996
0.9960079840319361
0.9960159362549801
0.9960238568588469
0.996031746031746
0.996039603960396
0.9960474308300395
0.9960552268244576
0.9960629921259843
0.9960707269155207
0.996078431372549
0.9960861056751468
0.99609375
0.9961013645224172
0.9961089494163424
0.996116504854369
0.9961240310077519
0.9961315280464217
0.9961389961389961
0.9961464354527938
0.9961538461538462
0.9961612284069098
0.9961685823754789
0.9961759082217974
0.9961832061068703
0.9961904761904762
0.9961977186311787
0.9962049335863378
0.9962121212121212
0.996219281663516
0.9962264150943396
0.9962335216572504
0.9962406015037594
0.9962476547842402
0.9962546816479401
0.9962616822429906
0.996268656716418
0.9962756052141527
0.9962825278810409
0.9962894248608535
0.9962962962962963
0.9963031423290203
0.996309963099631
0.996316758747698
0.9963235294117647
0.9963302752293578
0.9963369963369964
0.9963436928702011
0.9963503649635036
0.9963570127504554
0.9963636363636363
0.9963702359346642
0.9963768115942029
0.9963833634719711
0.9963898916967509
0.9963963963963964
0.9964028776978417
0.9964093357271095
0.996415770609319
0.9964221824686941
0.9964285714285714
0.9964349376114082
0.99644128113879
0.9964476021314387
0.9964539007092199
0.9964601769911504
0.9964664310954063
0.9964726631393298
0.9964788732394366
0.9964850615114236
0.9964912280701754
0.9964973730297724
0.9965034965034965
0.9965095986038395
0.9965156794425087
0.9965217391304347
0.9965277777777778
0.9965337954939342
0.9965397923875432
0.9965457685664939
0.996551724137931
0.9965576592082617
0.9965635738831615
0.9965694682675815
0.9965753424657534
0.9965811965811966
0.9965870307167235
0.9965928449744463
0.9965986394557823
0.9966044142614601
0.9966101694915255
0.9966159052453468
0.9966216216216216
0.9966273187183811
0.9966329966329966
0.9966386554621849
0.9966442953020134
0.9966499162479062
0.9966555183946488
0.996661101836394
0.9966666666666667
0.9966722129783694
0.9966777408637874
0.9966832504145937
0.9966887417218543
0.996694214876033
0.9966996699669967
0.9967051070840197
0.9967105263157895
0.9967159277504105
0.9967213114754099
0.9967266775777414
0.9967320261437909
0.9967373572593801
0.996742671009772
0.9967479674796748
0.9967532467532467
0.9967585089141004
0.9967637540453075
0.9967689822294022
0.9967741935483871
0.9967793880837359
0.9967845659163987
0.9967897271268058
0.9967948717948718
0.9968
0.9968051118210862
0.9968102073365231
0.9968152866242038
0.9968203497615262
0.9968253968253968
0.9968304278922345
0.9968354430379747
0.9968404423380727
0.9968454258675079
0.9968503937007874
0.9968553459119497
0.9968602825745683
0.9968652037617555
0.9968701095461658
0.996875
0.9968798751950078
0.9968847352024922
0.9968895800933126
0.9968944099378882
0.9968992248062015
0.9969040247678018
0.9969088098918083
0.9969135802469136
0.9969183359013868
0.9969230769230769
0.9969278033794163
0.9969325153374233
0.996937212863706
0.9969418960244648
0.9969465648854962
0.9969512195121951
0.9969558599695586
0.9969604863221885
0.9969650986342944
0.996969696969697
0.9969742813918305
0.9969788519637462
0.9969834087481146
0.9969879518072289
0.9969924812030075
0.996996996996997
0.9970014992503748
0.9970059880239521
0.9970104633781763
0.9970149253731343
0.9970193740685543
0.9970238095238095
0.9970282317979198
0.9970326409495549
0.997037037037037
0.9970414201183432
0.9970457902511078
0.9970501474926253
0.9970544918998527
0.9970588235294118
0.9970631424375918
0.9970674486803519
0.9970717423133236
0.9970760233918129
0.997080291970803
0.9970845481049563
0.9970887918486172
0.997093023255814
0.9970972423802612
0.9971014492753624
0.9971056439942113
0.9971098265895953
0.9971139971139971
0.9971181556195965
0.9971223021582734
0.9971264367816092
0.9971305595408895
0.997134670487106
0.9971387696709585
0.9971428571428571
0.9971469329529244
0.9971509971509972
0.9971550497866287
0.9971590909090909
0.9971631205673759
0.9971671388101983
0.9971711456859972
0.9971751412429378
0.997179125528914
0.9971830985915493
0.9971870604781997
0.9971910112359551
0.9971949509116409
0.9971988795518207
0.9972027972027973
0.9972067039106145
0.99721059972106
0.9972144846796658
0.9972183588317107
0.9972222222222222
0.9972260748959778
0.997229916897507
0.9972337482710927
0.9972375690607734
0.9972413793103448
0.9972451790633609
0.9972489683631361
0.9972527472527473
0.9972565157750343
0.9972602739726028
0.9972640218878249
0.9972677595628415
0.9959128065395095
0.9959183673469387
0.9959239130434783
0.9959294436906377
0.9959349593495935
0.9959404600811907
0.995945945945946
0.9959514170040485
0.9959568733153639
0.9959623149394348
0.9959677419354839
0.9959731543624161
0.9959785522788204
0.9959839357429718
0.9959893048128342
0.9959946595460614
0.996
0.996005326231691
0.9960106382978723
0.9960159362549801
0.9960212201591512
0.9960264900662251
0.996031746031746
0.9960369881109643
0.996042216358839
0.9960474308300395
0.9960526315789474
0.9960578186596584
0.9960629921259843
0.9960681520314548
0.9960732984293194
0.996078431372549
0.9960835509138382
0.9960886571056062
0.99609375
0.9960988296488946
0.9961038961038962
0.9961089494163424
0.9961139896373057
0.9961190168175937
0.9961240310077519
0.9961290322580645
0.9961340206185567
0.9961389961389961
0.9961439588688946
0.9961489088575096
0.9961538461538462
0.9961587708066582
0.9961636828644501
0.9961685823754789
0.9961734693877551
0.9961783439490446
0.9961832061068703
0.9961880559085133
0.9961928934010152
0.9961977186311787
0.9962025316455696
0.9962073324905183
0.9962121212121212
0.9962168978562421
0.9962216624685138
0.9962264150943396
0.9962311557788944
0.9962358845671268
0.9962406015037594
0.9962453066332916
0.99625
0.9962546816479401
0.9962593516209476
0.9962640099626401
0.996268656716418
0.9962732919254659
0.9962779156327544
0.9962825278810409
0.9962871287128713
0.9962917181705809
0.9962962962962963
0.9963008631319359
0.9963054187192119
0.996309963099631
0.9963144963144963
0.996319018404908
0.9963235294117647
0.996328029375765
0.9963325183374083
0.9963369963369964
0.9963414634146341
0.9963459196102314
0.9963503649635036
0.9963547995139733
0.9963592233009708
0.9963636363636363
0.9963680387409201
0.9963724304715841
0.9963768115942029
0.9963811821471653
0.9963855421686747
0.9963898916967509
0.9963942307692307
0.9963985594237695
0.9964028776978417
0.9964071856287425
0.9964114832535885
0.996415770609319
0.9964200477326969
0.9964243146603099
0.9964285714285714
0.9964328180737217
0.996437054631829
0.99644128113879
0.9964454976303317
0.9964497041420118
0.9964539007092199
0.9964580873671782
0.9964622641509434
0.9964664310954063
0.9964705882352941
0.9964747356051704
0.9964788732394366
0.9964830011723329
0.9964871194379391
0.9964912280701754
0.9964953271028038
0.9964994165694282
0.9965034965034965
0.9965075669383003
0.9965116279069768
0.9965156794425087
0.9965197215777262
0.996523754345307
0.9965277777777778
0.9965317919075144
0.9965357967667436
0.9965397923875432
0.9965437788018433
0.996547756041427
0.996551724137931
0.9965556831228473
0.9965596330275229
0.9965635738831615
0.9965675057208238
0.9965714285714286
0.9965753424657534
0.9965792474344356
0.9965831435079726
0.9965870307167235
0.9965909090909091
0.996594778660613
0.9965986394557823
0.9966024915062288
0.996606334841629
0.9966101694915255
0.9966139954853274
0.9966178128523112
0.9966216216216216
0.9966254218222722
0.996629213483146
0.9966329966329966
0.9966367713004485
0.9966405375139977
0.9966442953020134
0.9966480446927374
0.9966517857142857
0.9966555183946488
0.9966592427616926
0.996662958843159
0.9966666666666667
0.9966703662597114
0.9966740576496674
0.9966777408637874
0.9966814159292036
0.9966850828729282
0.9966887417218543
0.9966923925027563
0.9966960352422908
0.9966996699669967
0.9967032967032967
0.9967069154774972
0.9967105263157895
0.9967141292442497
0.9956284153005465
0.9956331877729258
0.9956379498364231
0.9956427015250545
0.9956474428726877
0.9956521739130435
0.995656894679696
0.9956616052060737
0.9956663055254604
0.9956709956709957
0.9956756756756757
0.9956803455723542
0.9956850053937433
0.9956896551724138
0.9956942949407965
0.9956989247311828
0.9957035445757251
0.9957081545064378
0.9957127545551983
0.9957173447537473
0.9957219251336898
0.9957264957264957
0.9957310565635006
0.9957356076759062
0.9957401490947817
0.9957446808510638
0.9957492029755579
0.9957537154989384
0.9957582184517497
0.9957627118644068
0.9957671957671957
0.9957716701902748
0.9957761351636748
0.9957805907172996
0.9957850368809273
0.9957894736842106
0.9957939011566772
0.9957983193277311
0.9958027282266527
0.9958071278825996
0.9958115183246073
0.99581589958159
0.9958202716823407
0.9958246346555324
0.9958289885297185
0.9958333333333333
0.9958376690946931
0.9958419958419958
0.995846313603323
0.995850622406639
0.9958549222797928
0.9958592132505176
0.9958634953464323
0.9958677685950413
0.9958720330237358
0.9958762886597938
0.995880535530381
0.9958847736625515
0.9958890030832477
0.9958932238193019
0.9958974358974358
0.9959016393442623
0.9959058341862845
0.9959100204498977
0.9959141981613892
0.9959183673469387
0.9959225280326198
0.9959266802443992
0.9959308240081384
0.9959349593495935
0.9959390862944163
0.9959432048681541
0.9959473150962512
0.9959514170040485
0.9959555106167847
0.9959595959595959
0.9959636730575177
0.9959677419354839
0.9959718026183283
0.9959758551307847
0.9959798994974874
0.9959839357429718
0.995987963891675
0.9959919839679359
0.995995995995996
0.996
