1.0
1.0
1.0
1.0
1.0
1.0
1.0
1.0
1.0
1.0
1.0
1.0
1.0
1.0
1.0
1.0
1.0
1.0
1.0
1.0
1.0
1.0
1.0
1.0
1.0
1.0
1.0
1.0
1.0
1.0
1.0
1.0
1.0
1.0
1.0
1.0
1.0
1.0
1.0
1.0
1.0
1.0
1.0
1.0
1.0
1.0
1.0
1.0
1.0
1.0
1.0
1.0
1.0
1.0
1.0
1.0
1.0
1.0
1.0
1.0
1.0
1.0
1.0
1.0
1.0
1.0
1.0
1.0
1.0
1.0
1.0
1.0
1.0
1.0
1.0
1.0
1.0
1.0
1.0
1.0
1.0
1.0
1.0
1.0
1.0
1.0
1.0
1.0
1.0
1.0
1.0
1.0
1.0
1.0
1.0
1.0
1.0
1.0
1.0
1.0
1.0
1.0
1.0
1.0
1.0
1.0
1.0
1.0
1.0
1.0
1.0
1.0
1.0
1.0
1.0
1.0
1.0
1.0
1.0
1.0
1.0
1.0
1.0
1.0
1.0
1.0
1.0
1.0
1.0
1.0
1.0
1.0
1.0
1.0
1.0
1.0
1.0
1.0
1.0
1.0
1.0
1.0
1.0
1.0
1.0
1.0
1.0
1.0
1.0
1.0
1.0
1.0
1.0
1.0
1.0
1.0
1.0
1.0
1.0
1.0
1.0
1.0
1.0
1.0
1.0
1.0
1.0
1.0
1.0
1.0
1.0
1.0
1.0
1.0
1.0
1.0
1.0
1.0
1.0
1.0
1.0
1.0
1.0
1.0
1.0
1.0
1.0
1.0
1.0
1.0
1.0
1.0
1.0
1.0
1.0
1.0
1.0
1.0
1.0
1.0
1.0
1.0
1.0
1.0
1.0
0.9951690821256038
0.9951923076923077
0.9952153110047847
0.9952380952380953
0.995260663507109
0.9952830188679245
0.9953051643192489
0.9953271028037384
0.9953488372093023
0.9953703703703703
0.9953917050691244
0.9954128440366973
0.9954337899543378
0.9954545454545455
0.995475113122172
0.9954954954954955
0.9955156950672646
0.9955357142857143
0.9955555555555555
0.995575221238938
0.9955947136563876
0.9956140350877193
0.9956331877729258
0.9956521739130435
0.9956709956709957
0.9956896551724138
0.9957081545064378
0.9957264957264957
0.9957446808510638
0.9957627118644068
0.9957805907172996
0.9957983193277311
0.99581589958159
0.9958333333333333
0.995850622406639
0.9958677685950413
0.9958847736625515
0.9959016393442623
0.9959183673469387
0.9959349593495935
0.9959514170040485
0.9959677419354839
0.9959839357429718
0.996
0.9960159362549801
0.996031746031746
0.9960474308300395
0.9960629921259843
0.996078431372549
0.99609375
0.9961089494163424
0.9961240310077519
0.9961389961389961
0.9961538461538462
0.9961685823754789
0.9961832061068703
0.9961977186311787
0.9962121212121212
0.9962264150943396
0.9962406015037594
0.9962546816479401
0.996268656716418
0.9962825278810409
0.9962962962962963
0.996309963099631
0.9963235294117647
0.9963369963369964
0.9963503649635036
0.9927536231884058
0.9927797833935018
0.9928057553956835
0.992831541218638
0.9928571428571429
0.9928825622775801
0.9929078014184397
0.9929328621908127
0.9929577464788732
0.9929824561403509
0.993006993006993
0.9930313588850174
0.9930555555555556
0.9930795847750865
0.993103448275862
0.993127147766323
0.9931506849315068
0.9931740614334471
0.9931972789115646
0.9932203389830508
0.9932432432432432
0.9932659932659933
0.9932885906040269
0.9933110367892977
0.9933333333333333
0.9933554817275747
0.9933774834437086
0.9933993399339934
0.993421052631579
0.9934426229508196
0.9934640522875817
0.993485342019544
0.9935064935064936
0.9935275080906149
0.9935483870967742
0.9935691318327974
0.9935897435897436
0.9936102236421726
0.9936305732484076
0.9936507936507937
0.9936708860759493
0.9936908517350158
0.9937106918238994
0.9937304075235109
0.99375
0.9937694704049844
0.9937888198757764
0.9938080495356038
0.9938271604938271
0.9938461538461538
0.9938650306748467
0.9938837920489296
0.9939024390243902
0.993920972644377
0.9939393939393939
0.9939577039274925
0.9939759036144579
0.993993993993994
0.9940119760479041
0.9940298507462687
0.9940476190476191
0.9940652818991098
0.9940828402366864
0.9941002949852508
0.9941176470588236
0.9941348973607038
0.9941520467836257
0.9941690962099126
0.9941860465116279
0.9942028985507246
0.9942196531791907
0.9942363112391931
0.9942528735632183
0.994269340974212
0.9942857142857143
0.9943019943019943
0.9943181818181818
0.9943342776203966
0.9943502824858758
0.9943661971830986
0.9943820224719101
0.9943977591036415
0.994413407821229
0.9944289693593314
0.9944444444444445
0.9944598337950139
0.994475138121547
0.9944903581267218
0.9945054945054945
0.9945205479452055
0.994535519125683
0.9945504087193461
0.9945652173913043
0.994579945799458
0.9945945945945946
0.9946091644204852
0.9946236559139785
0.9946380697050938
0.9946524064171123
0.9946666666666667
0.9946808510638298
0.9946949602122016
0.9947089947089947
0.9947229551451188
0.9947368421052631
0.994750656167979
0.9947643979057592
0.9947780678851175
0.9947916666666666
0.9948051948051948
0.9948186528497409
0.9948320413436692
0.9948453608247423
0.9948586118251928
0.9948717948717949
0.9948849104859335
0.9948979591836735
0.9949109414758269
0.9949238578680203
0.9949367088607595
0.9949494949494949
0.9949622166246851
0.9949748743718593
0.9949874686716792
0.995
0.9950124688279302
0.9950248756218906
0.9950372208436724
0.995049504950495
0.9950617283950617
0.9950738916256158
0.995085995085995
0.9950980392156863
0.9951100244498777
0.9951219512195122
0.9951338199513382
0.9951456310679612
0.9951573849878934
0.9951690821256038
0.9951807228915662
0.9951923076923077
0.9952038369304557
0.9952153110047847
0.9952267303102625
0.9952380952380953
0.995249406175772
0.995260663507109
0.9952718676122931
0.9952830188679245
0.9952941176470588
0.9953051643192489
0.9953161592505855
0.9953271028037384
0.9953379953379954
0.9953488372093023
0.9953596287703016
0.9953703703703703
0.9953810623556582
0.9953917050691244
0.9954022988505747
0.9954128440366973
0.9954233409610984
0.9954337899543378
0.9954441913439636
0.9954545454545455
0.9954648526077098
0.995475113122172
0.9954853273137697
0.9954954954954955
0.9955056179775281
0.9955156950672646
0.9955257270693513
0.9955357142857143
0.9955456570155902
0.9955555555555555
0.9955654101995566
0.995575221238938
0.9955849889624724
0.9955947136563876
0.9956043956043956
0.9956140350877193
0.9956236323851203
0.9956331877729258
0.9956427015250545
0.9956521739130435
0.9956616052060737
0.9956709956709957
0.9956803455723542
0.9956896551724138
0.9956989247311828
0.9957081545064378
0.9957173447537473
0.9957264957264957
0.9957356076759062
0.9957446808510638
0.9957537154989384
0.9957627118644068
0.9957716701902748
0.9957805907172996
0.9957894736842106
0.9957983193277311
0.9958071278825996
0.99581589958159
0.9958246346555324
0.9958333333333333
0.9958419958419958
0.995850622406639
0.9958592132505176
0.9958677685950413
0.9958762886597938
0.9958847736625515
0.9958932238193019
0.9959016393442623
0.9959100204498977
0.9959183673469387
0.9959266802443992
0.9959349593495935
0.9959432048681541
0.9959514170040485
0.9959595959595959
0.9959677419354839
0.9959758551307847
0.9959839357429718
0.9959919839679359
0.996
0.9960079840319361
0.9940357852882704
0.9940476190476191
0.994059405940594
0.9940711462450593
0.9940828402366864
0.9940944881889764
0.9941060903732809
0.9941176470588236
0.9941291585127201
0.994140625
0.9941520467836257
0.9941634241245136
0.9941747572815534
0.9941860465116279
0.9941972920696325
0.9942084942084942
0.9942196531791907
0.9942307692307693
0.9942418426103646
0.9942528735632183
0.994263862332696
0.9942748091603053
0.9942857142857143
0.9942965779467681
0.9943074003795066
0.9943181818181818
0.994328922495274
0.9943396226415094
0.9943502824858758
0.9943609022556391
0.9943714821763602
0.9943820224719101
0.994392523364486
0.9944029850746269
0.994413407821229
0.9944237918215614
0.9944341372912802
0.9944444444444445
0.9944547134935305
0.9944649446494465
0.994475138121547
0.9944852941176471
0.9944954128440368
0.9945054945054945
0.9945155393053017
0.9945255474452555
0.994535519125683
0.9945454545454545
0.9945553539019963
0.9945652173913043
0.9945750452079566
0.9945848375451264
0.9945945945945946
0.9946043165467626
0.9946140035906643
0.9946236559139785
0.9946332737030411
0.9946428571428572
0.9946524064171123
0.994661921708185
0.9946714031971581
0.9946808510638298
0.9946902654867257
0.9946996466431095
0.9947089947089947
0.9947183098591549
0.9947275922671354
0.9947368421052631
0.9947460595446584
0.9947552447552448
0.9947643979057592
0.9947735191637631
0.9947826086956522
0.9947916666666666
0.9948006932409013
0.9948096885813149
0.9948186528497409
0.9948275862068966
0.9948364888123924
0.9948453608247423
0.9948542024013722
0.9948630136986302
0.9948717948717949
0.9948805460750854
0.9948892674616695
0.9948979591836735
0.9949066213921901
0.9949152542372881
0.9949238578680203
0.9949324324324325
0.9949409780775716
0.9949494949494949
0.9949579831932773
0.9949664429530202
0.9949748743718593
0.9949832775919732
0.994991652754591
0.995
0.9950083194675541
0.9933665008291874
0.9933774834437086
0.9933884297520661
0.9933993399339934
0.9934102141680395
0.993421052631579
0.993431855500821
0.9934426229508196
0.9934533551554828
0.9934640522875817
0.9934747145187602
0.993485342019544
0.9934959349593496
0.9918962722852512
0.9919093851132686
0.9919224555735057
0.9919354838709677
0.9919484702093397
0.9919614147909968
0.9919743178170144
0.9919871794871795
0.992
0.9920127795527156
0.9920255183413078
0.9920382165605095
0.9920508744038156
0.9920634920634921
0.9920760697305864
0.9920886075949367
0.9921011058451816
0.9921135646687698
0.9921259842519685
0.9921383647798742
0.9921507064364207
0.9921630094043887
0.9921752738654147
0.9921875
0.9921996879875195
0.9922118380062306
0.9922239502332815
0.9922360248447205
0.9922480620155039
0.9922600619195047
0.9922720247295209
0.9922839506172839
0.9922958397534669
0.9923076923076923
0.9923195084485407
0.9923312883435583
0.9923430321592649
0.9923547400611621
0.9923664122137404
0.9923780487804879
0.9923896499238964
0.9924012158054711
0.992412746585736
0.9924242424242424
0.9924357034795764
0.9924471299093656
0.9924585218702866
0.9924698795180723
0.9924812030075187
0.9924924924924925
0.992503748125937
0.9925149700598802
0.992526158445441
0.9925373134328358
0.992548435171386
0.9925595238095238
0.9925705794947994
0.9925816023738873
0.9925925925925926
0.992603550295858
0.9926144756277696
0.9926253687315634
0.9926362297496318
0.9926470588235294
0.9926578560939795
0.9926686217008798
0.9926793557833089
0.9926900584795322
0.9927007299270073
0.9927113702623906
0.992721979621543
0.9927325581395349
0.9927431059506531
0.9927536231884058
0.9927641099855282
0.9927745664739884
0.9927849927849928
0.9927953890489913
0.9928057553956835
0.992816091954023
0.9928263988522238
0.9928366762177651
0.9928469241773963
0.9928571428571429
0.992867332382311
0.9928774928774928
0.9928876244665719
0.9928977272727273
0.9929078014184397
0.9929178470254958
0.9929278642149929
0.9929378531073446
0.9929478138222849
0.9929577464788732
0.9929676511954993
0.9929775280898876
0.9929873772791024
0.9929971988795518
0.993006993006993
0.9930167597765364
0.99302649930265
0.9930362116991643
0.9930458970792768
0.9930555555555556
0.9930651872399445
0.9930747922437673
0.9930843706777317
0.9930939226519337
0.993103448275862
0.9931129476584022
0.9931224209078404
0.9931318681318682
0.9931412894375857
0.9931506849315068
0.9931600547195623
0.9931693989071039
0.9931787175989086
0.9931880108991825
0.9931972789115646
0.9932065217391305
0.9932157394843962
0.9932249322493225
0.993234100135318
0.9932432432432432
0.9932523616734144
0.9932614555256065
0.9932705248990579
0.9932795698924731
0.9932885906040269
0.9932975871313673
0.9933065595716198
0.9933155080213903
0.9933244325767691
0.9933333333333333
0.9933422103861518
0.9933510638297872
0.9933598937583001
0.993368700265252
0.9933774834437086
0.9933862433862434
0.9933949801849405
0.9934036939313984
0.9934123847167325
0.993421052631579
0.9934296977660972
0.9934383202099738
0.9934469200524246
0.993455497382199
0.9934640522875817
0.9934725848563969
0.9934810951760105
0.9934895833333334
0.9934980494148244
0.9922178988326849
0.9922279792746114
0.9922380336351876
0.9922480620155039
0.9922580645161291
0.9922680412371134
0.9922779922779923
0.9922879177377892
0.9922978177150192
0.9923076923076923
0.9923175416133163
0.9923273657289002
0.9923371647509579
0.9923469387755102
0.9923566878980892
0.9923664122137404
0.9923761118170267
0.9923857868020305
0.9923954372623575
0.9924050632911392
0.9924146649810367
0.9924242424242424
0.9924337957124842
0.9924433249370277
0.9924528301886792
0.992462311557789
0.9924717691342535
0.9924812030075187
0.9924906132665833
0.9925
0.9925093632958801
0.9925187032418953
0.9925280199252802
0.9925373134328358
0.9925465838509316
0.9925558312655087
0.9925650557620818
0.9925742574257426
0.992583436341162
0.9925925925925926
0.9926017262638718
0.9926108374384236
0.992619926199262
0.9926289926289926
0.992638036809816
0.9926470588235294
0.99265605875153
0.9926650366748166
0.9926739926739927
0.9926829268292683
0.9926918392204629
0.9927007299270073
0.9927095990279465
0.9927184466019418
0.9927272727272727
0.9927360774818402
0.992744860943168
0.9927536231884058
0.9927623642943305
0.9927710843373494
0.9927797833935018
0.9927884615384616
0.992797118847539
0.9928057553956835
0.9928143712574851
0.992822966507177
0.992831541218638
0.9928400954653938
0.9928486293206198
0.9928571428571429
0.9928656361474435
0.9928741092636579
0.9928825622775801
0.9928909952606635
0.9928994082840237
0.9929078014184397
0.9929161747343566
0.9929245283018868
0.9929328621908127
0.9929411764705882
0.9929494712103408
0.9929577464788732
0.9918032786885246
0.991812865497076
0.991822429906542
0.9918319719953326
0.9918414918414918
0.9918509895227008
0.9918604651162791
0.991869918699187
0.9918793503480279
0.9918887601390498
0.9918981481481481
0.991907514450867
0.9919168591224018
0.9919261822376009
0.9919354838709677
0.9919447640966629
0.9919540229885058
0.9919632606199771
0.9919724770642202
0.9919816723940436
0.9919908466819222
0.992
0.9920091324200914
0.992018244013683
0.9920273348519362
0.9920364050056882
0.9920454545454546
0.9920544835414302
0.9920634920634921
0.9920724801812004
0.9920814479638009
0.992090395480226
0.9920993227990971
0.992108229988726
0.9921171171171171
0.9921259842519685
0.9921348314606742
0.9921436588103255
0.992152466367713
0.9921612541993281
0.9921700223713646
0.9921787709497206
0.9921875
0.992196209587514
0.9922048997772829
0.9922135706340378
0.9922222222222222
0.9922308546059934
0.9922394678492239
0.9922480620155039
0.9922566371681416
0.9922651933701657
0.9922737306843267
0.9922822491730982
0.9922907488986784
0.9922992299229924
0.9923076923076923
0.9923161361141603
0.9923245614035088
0.9923329682365827
0.9923413566739606
0.9923497267759562
0.99235807860262
0.9923664122137404
0.9923747276688453
0.9923830250272034
0.9923913043478261
0.992399565689468
0.9924078091106291
0.9924160346695557
0.9924242424242424
0.9924324324324324
0.9924406047516199
0.9924487594390508
0.9924568965517241
0.9924650161463939
0.9924731182795699
0.9924812030075187
0.9924892703862661
0.992497320471597
0.9925053533190579
0.9925133689839573
0.9925213675213675
0.9925293489861259
0.9925373134328358
0.9925452609158679
0.9925531914893617
0.9925611052072264
0.9925690021231423
0.9925768822905621
0.9925847457627118
0.9925925925925926
0.992600422832981
0.9926082365364308
0.9926160337552743
0.9926238145416227
0.9926315789473684
0.9915966386554622
0.9916054564533053
0.9916142557651991
0.9916230366492147
0.9916317991631799
0.9916405433646813
0.9916492693110647
0.9916579770594369
0.9916666666666667
0.991675338189386
0.9916839916839917
0.9916926272066459
0.991701244813278
0.9917098445595854
0.9917184265010351
0.9917269906928645
0.9917355371900827
0.9917440660474717
0.9917525773195877
0.9917610710607621
0.9917695473251029
0.9917780061664954
0.9917864476386037
0.9917948717948718
0.9918032786885246
0.9918116683725691
0.9918200408997955
0.9918283963227783
0.9918367346938776
0.9918450560652395
0.9918533604887984
0.9918616480162767
0.991869918699187
0.9918781725888325
0.9918864097363083
0.9918946301925026
0.9919028340080972
0.9919110212335692
0.9919191919191919
0.9919273461150353
0.9919354838709677
0.9919436052366566
0.9919517102615694
0.9919597989949749
0.9919678714859438
0.9919759277833501
0.990990990990991
0.991
