1.0
1.0
1.0
1.0
1.0
1.0
1.0
1.0
1.0
1.0
1.0
1.0
1.0
1.0
1.0
1.0
1.0
1.0
1.0
1.0
1.0
1.0
1.0
1.0
1.0
1.0
1.0
1.0
1.0
1.0
1.0
1.0
1.0
1.0
1.0
1.0
1.0
1.0
1.0
1.0
1.0
1.0
1.0
1.0
1.0
1.0
1.0
1.0
1.0
1.0
1.0
1.0
1.0
1.0
1.0
1.0
1.0
1.0
1.0
1.0
1.0
1.0
1.0
1.0
1.0
1.0
1.0
1.0
1.0
1.0
1.0
1.0
1.0
1.0
1.0
1.0
1.0
1.0
1.0
1.0
1.0
1.0
1.0
1.0
1.0
1.0
1.0
0.9887640449438202
0.9888888888888889
0.989010989010989
0.9891304347826086
0.989247311827957
0.9893617021276596
0.9894736842105263
0.9895833333333334
0.9896907216494846
0.9897959183673469
0.98989898989899
0.99
0.9900990099009901
0.9901960784313726
0.9902912621359223
0.9903846153846154
0.9904761904761905
0.9905660377358491
0.9906542056074766
0.9907407407407407
0.9908256880733946
0.990909090909091
0.990990990990991
0.9910714285714286
0.9911504424778761
0.9912280701754386
0.991304347826087
0.9913793103448276
0.9914529914529915
0.9915254237288136
0.9915966386554622
0.9916666666666667
0.9917355371900827
0.9918032786885246
0.991869918699187
0.9919354838709677
0.992
0.9920634920634921
0.9921259842519685
0.9921875
0.9922480620155039
0.9923076923076923
0.9923664122137404
0.9924242424242424
0.9924812030075187
0.9925373134328358
0.9925925925925926
0.9926470588235294
0.9927007299270073
0.9927536231884058
0.9928057553956835
0.9928571428571429
0.9929078014184397
0.9929577464788732
0.993006993006993
0.9930555555555556
0.993103448275862
0.9931506849315068
0.9931972789115646
0.9932432432432432
0.9932885906040269
0.9933333333333333
0.9933774834437086
0.993421052631579
0.9934640522875817
0.9935064935064936
0.9935483870967742
0.9935897435897436
0.9936305732484076
0.9936708860759493
0.9937106918238994
0.99375
0.9937888198757764
0.9938271604938271
0.9938650306748467
0.9939024390243902
0.9939393939393939
0.9939759036144579
0.9940119760479041
0.9940476190476191
0.9940828402366864
0.9941176470588236
0.9941520467836257
0.9941860465116279
0.9942196531791907
0.9942528735632183
0.9942857142857143
0.9943181818181818
0.9943502824858758
0.9943820224719101
0.994413407821229
0.9944444444444445
0.994475138121547
0.9945054945054945
0.994535519125683
0.9945652173913043
0.9945945945945946
0.9946236559139785
0.9946524064171123
0.9894179894179894
0.9894736842105263
0.9895287958115183
0.9895833333333334
0.9896373056994818
0.9846153846153847
0.9846938775510204
0.9847715736040609
0.9848484848484849
0.9849246231155779
0.9800995024875622
0.9801980198019802
0.9802955665024631
0.9803921568627451
0.9804878048780488
0.9805825242718447
0.9806763285024155
0.9807692307692307
0.9808612440191388
0.9809523809523809
0.981042654028436
0.9811320754716981
0.9812206572769953
0.9813084112149533
0.9813953488372092
0.9814814814814815
0.9770642201834863
0.9771689497716894
0.9772727272727273
0.9773755656108597
0.9774774774774775
0.9775784753363229
0.9776785714285714
0.9777777777777777
0.9778761061946902
0.9779735682819384
0.9780701754385965
0.9781659388646288
0.9782608695652174
0.9783549783549783
0.978448275862069
0.9785407725321889
0.9786324786324786
0.9787234042553191
0.9788135593220338
0.9789029535864979
0.9789915966386554
0.9790794979079498
0.9791666666666666
0.979253112033195
0.9793388429752066
0.9794238683127572
0.9795081967213115
0.9795918367346939
0.9796747967479674
0.979757085020243
0.9798387096774194
0.9799196787148594
0.98
0.9800796812749004
0.9801587301587301
0.9802371541501976
0.9803149606299213
0.9803921568627451
0.98046875
0.980544747081712
0.9806201550387597
0.9806949806949807
0.9732824427480916
0.973384030418251
0.9734848484848485
0.9735849056603774
0.9736842105263158
0.9737827715355806
0.9738805970149254
0.9739776951672863
0.9740740740740741
0.974169741697417
0.9742647058823529
0.9743589743589743
0.9744525547445255
0.9745454545454545
0.9746376811594203
0.9747292418772563
0.9748201438848921
0.974910394265233
0.975
0.9750889679715302
0.975177304964539
0.9752650176678446
0.9753521126760564
0.9754385964912281
0.9755244755244755
0.975609756097561
0.9756944444444444
0.9757785467128027
0.9758620689655172
0.9759450171821306
0.976027397260274
0.9761092150170648
0.9728813559322034
0.972972972972973
0.9730639730639731
0.9731543624161074
0.9732441471571907
0.9733333333333334
0.973421926910299
0.9735099337748344
0.9735973597359736
0.9736842105263158
0.9737704918032787
0.9738562091503268
0.9739413680781759
0.974025974025974
0.9741100323624595
0.9741935483870968
0.9742765273311897
0.9743589743589743
0.9713375796178344
0.9714285714285714
0.9715189873417721
0.9716088328075709
0.9716981132075472
0.9717868338557993
0.971875
0.968944099378882
0.9690402476780186
0.9691358024691358
0.9692307692307692
0.9693251533742331
0.9694189602446484
0.9695121951219512
0.9696048632218845
0.9696969696969697
0.9697885196374623
0.9698795180722891
0.96996996996997
0.9700598802395209
0.9701492537313433
0.9702380952380952
0.9703264094955489
0.9704142011834319
0.9705014749262537
0.9705882352941176
0.9706744868035191
0.9707602339181286
0.9680232558139535
0.9681159420289855
0.9682080924855492
0.968299711815562
0.9683908045977011
0.9684813753581661
0.9685714285714285
0.9686609686609686
0.96875
0.9688385269121813
0.9689265536723164
0.9690140845070423
0.9691011235955056
0.969187675070028
0.9692737430167597
0.9693593314763231
0.9694444444444444
0.9695290858725761
0.9696132596685083
0.9696969696969697
0.9697802197802198
0.9698630136986301
0.9699453551912568
0.9700272479564033
0.970108695652174
0.9701897018970189
0.9702702702702702
0.9703504043126685
0.9704301075268817
0.9705093833780161
0.9705882352941176
0.9706666666666667
0.9707446808510638
0.9708222811671088
0.9708994708994709
0.9709762532981531
0.9710526315789474
0.9711286089238845
0.9712041884816754
0.9712793733681462
0.9713541666666666
0.9714285714285714
0.9715025906735751
0.9715762273901809
0.9716494845360825
0.9717223650385605
0.9717948717948718
0.9718670076726342
0.9719387755102041
0.9720101781170484
0.9720812182741116
0.9721518987341772
0.9722222222222222
0.9722921914357683
0.9723618090452262
0.9724310776942355
0.9725
0.972568578553616
0.972636815920398
0.9727047146401985
0.9727722772277227
0.9728395061728395
0.9729064039408867
0.9705882352941176
0.9706601466992665
0.9707317073170731
0.9708029197080292
0.970873786407767
0.9709443099273608
0.9710144927536232
0.9710843373493976
0.9711538461538461
0.9712230215827338
0.9666666666666667
0.9667458432304038
0.966824644549763
0.966903073286052
0.9669811320754716
0.9670588235294117
0.9648711943793911
0.9649532710280374
0.965034965034965
0.9651162790697675
0.9651972157772621
0.9652777777777778
0.9653579676674365
0.9654377880184332
0.9655172413793104
0.9655963302752294
0.965675057208238
0.9657534246575342
0.9658314350797267
0.9659090909090909
0.9659863945578231
0.9660633484162896
0.9661399548532731
0.9662162162162162
0.9662921348314607
0.9663677130044843
0.9664429530201343
0.9665178571428571
0.9665924276169265
0.9666666666666667
0.9667405764966741
0.9668141592920354
0.9668874172185431
0.9669603524229075
0.967032967032967
0.9671052631578947
0.9671772428884027
0.9672489082969432
0.9673202614379085
0.967391304347826
0.9674620390455532
0.9675324675324676
0.9655172413793104
0.9655913978494624
0.9656652360515021
0.9657387580299786
0.9658119658119658
0.9658848614072495
0.9659574468085106
0.9660297239915074
0.9661016949152542
0.9661733615221987
0.9662447257383966
0.9663157894736842
0.9663865546218487
0.9664570230607966
0.9665271966527197
0.9665970772442589
0.9666666666666667
0.9667359667359667
0.966804979253112
0.9668737060041408
0.9669421487603306
0.9650205761316872
0.9650924024640657
0.9651639344262295
0.9652351738241309
0.9653061224489796
0.9653767820773931
0.9654471544715447
0.9655172413793104
0.9655870445344129
0.9656565656565657
0.9657258064516129
0.96579476861167
0.9658634538152611
0.9659318637274549
0.966
0.9660678642714571
0.9661354581673307
0.9642857142857143
0.9643564356435643
0.9644268774703557
0.9644970414201184
0.9645669291338582
0.9646365422396856
0.9647058823529412
0.9647749510763209
0.96484375
0.9649122807017544
0.9649805447470817
0.9650485436893204
0.9651162790697675
0.9614643545279383
0.9615384615384616
0.9616122840690979
0.9616858237547893
0.9617590822179732
0.9618320610687023
0.9619047619047619
0.9619771863117871
0.9620493358633776
0.9621212121212122
0.9621928166351607
0.9622641509433962
0.9623352165725048
0.9624060150375939
0.9624765478424016
0.9625468164794008
0.9626168224299065
0.9626865671641791
0.962756052141527
0.9628252788104089
0.9628942486085343
0.9629629629629629
0.9630314232902033
0.9630996309963099
0.9631675874769797
0.9632352941176471
0.963302752293578
0.9633699633699634
0.9634369287020109
0.9635036496350365
0.9635701275045537
0.9636363636363636
0.9637023593466425
0.9637681159420289
0.9638336347197106
0.9638989169675091
0.963963963963964
0.9640287769784173
0.9640933572710951
0.96415770609319
0.964221824686941
0.9642857142857143
0.964349376114082
0.9644128113879004
0.9644760213143873
0.9645390070921985
0.9646017699115044
0.9646643109540636
0.9647266313932981
0.9647887323943662
0.9648506151142355
0.9649122807017544
0.9649737302977233
0.965034965034965
0.9650959860383944
0.9651567944250871
0.9635416666666666
0.9636048526863085
0.9636678200692042
0.9637305699481865
0.9637931034482758
0.963855421686747
0.9639175257731959
0.9639794168096055
0.964041095890411
0.9641025641025641
0.9641638225255973
0.9642248722316865
0.9642857142857143
0.9643463497453311
0.964406779661017
0.9644670050761421
0.964527027027027
0.9645868465430016
0.9630252100840336
0.9630872483221476
0.9631490787269682
0.9632107023411371
0.9632721202003339
0.9633333333333334
0.9633943427620633
0.9634551495016611
0.9635157545605307
0.9635761589403974
0.9636363636363636
0.9636963696369637
0.9637561779242174
0.9638157894736842
0.9638752052545156
0.9639344262295082
0.9639934533551555
0.9640522875816994
0.964110929853181
0.9641693811074918
0.9642276422764228
0.9642857142857143
0.9643435980551054
0.9644012944983819
0.9644588045234249
0.964516129032258
0.964573268921095
0.9646302250803859
0.9646869983948636
0.9647435897435898
0.9648
0.9648562300319489
0.9649122807017544
0.964968152866242
0.9650238473767886
0.9650793650793651
0.96513470681458
0.9651898734177216
0.9652448657187994
0.9652996845425867
0.9653543307086614
0.9654088050314465
0.9654631083202512
0.9655172413793104
0.9655712050078247
0.965625
0.9641744548286605
0.9642301710730948
0.9642857142857143
0.9643410852713178
0.9643962848297214
0.964451313755796
0.9645061728395061
0.9645608628659477
0.9646153846153847
0.9646697388632872
0.9647239263803681
0.9647779479326187
0.9648318042813455
0.9648854961832061
0.9649390243902439
0.9649923896499238
0.9650455927051672
0.9650986342943855
0.9651515151515152
0.9652042360060514
0.9652567975830816
0.9653092006033183
0.9653614457831325
0.9654135338345865
0.9654654654654654
0.9655172413793104
0.9655688622754491
0.9656203288490284
0.9656716417910448
0.9657228017883756
0.9657738095238095
0.9658246656760773
0.9658753709198813
0.965925925925926
0.9659763313609467
0.96602658788774
0.9660766961651918
0.9661266568483063
0.9661764705882353
0.9662261380323054
0.9648609077598829
0.9649122807017544
0.964963503649635
0.9650145772594753
0.9650655021834061
0.9651162790697675
0.965166908563135
0.9652173913043478
0.9652677279305355
0.9653179190751445
0.9653679653679653
0.9654178674351584
0.9654676258992806
0.9655172413793104
0.9641833810888252
0.9642346208869814
0.9642857142857143
0.9643366619115549
0.9643874643874644
0.9644381223328592
0.9631205673758865
0.9618104667609618
0.961864406779661
0.9619181946403385
0.9619718309859155
0.9620253164556962
0.9620786516853933
0.9621318373071529
0.9621848739495799
0.9622377622377623
0.9622905027932961
0.9623430962343096
0.9623955431754875
0.9624478442280946
0.9625
0.9625520110957004
0.9626038781163435
0.9626556016597511
0.962707182320442
0.9627586206896551
0.9628099173553719
0.9628610729023384
0.9629120879120879
0.9629629629629629
0.963013698630137
0.9630642954856361
0.9631147540983607
0.9631650750341064
0.9619047619047619
0.9619565217391305
0.9620081411126187
0.962059620596206
0.9621109607577808
0.9621621621621622
0.9622132253711201
0.9622641509433962
0.9623149394347241
0.9623655913978495
0.9624161073825503
0.9624664879356568
0.9625167336010709
0.9625668449197861
0.9626168224299065
0.9626666666666667
0.96271637816245
0.9627659574468085
0.9628154050464808
0.9628647214854111
0.9629139072847682
0.9629629629629629
0.9630118890356671
0.9617918313570487
0.9605781865965834
0.9606299212598425
0.9606815203145478
0.9607329842931938
0.9607843137254902
0.9608355091383812
0.9608865710560626
0.9596879063719116
0.9597402597402598
0.959792477302205
0.9598445595854922
0.9598965071151359
0.9599483204134367
0.96
0.9600515463917526
0.9601029601029601
0.9601542416452442
0.9602053915275995
0.9602564102564103
0.9603072983354674
0.9591315453384419
0.9591836734693877
0.9592356687898089
0.9592875318066157
0.9593392630241423
0.9593908629441624
0.9594423320659062
0.959493670886076
0.9595448798988622
0.9595959595959596
0.9596469104665826
0.9596977329974811
0.959748427672956
0.9597989949748744
0.9598494353826851
0.9598997493734336
0.9599499374217773
0.96
0.9600499375780275
0.9600997506234414
0.9601494396014943
0.9590062111801242
0.9590570719602978
0.9591078066914498
0.9591584158415841
0.9592088998763906
0.9592592592592593
0.9593094944512947
0.9593596059113301
0.959409594095941
0.9594594594594594
0.9595092024539877
0.9595588235294118
0.9596083231334149
0.9596577017114915
0.9597069597069597
0.9597560975609756
0.9598051157125457
0.9598540145985401
0.959902794653706
0.9599514563106796
0.96
0.9588875453446191
0.9589371980676329
0.9589867310012062
0.9590361445783132
0.9590854392298436
0.9591346153846154
0.9591836734693877
0.9592326139088729
0.9592814371257485
0.9593301435406698
0.959378733572282
0.9594272076372315
0.9594755661501788
0.9583828775267539
0.9584323040380047
0.9584816132858838
0.9585308056872038
0.9585798816568047
0.958628841607565
0.9586776859504132
0.9587264150943396
0.9587750294464076
0.9588235294117647
0.9588719153936546
0.9589201877934272
0.958968347010551
0.9590163934426229
0.9590643274853801
0.9591121495327103
0.9591598599766628
0.9592074592074592
0.959254947613504
0.9593023255813954
0.959349593495935
0.9593967517401392
0.9594438006952491
0.9583815028901734
0.9584295612009238
0.9584775086505191
0.9574223245109321
0.957471264367816
0.9575200918484501
0.9575688073394495
0.9576174112256587
0.9576659038901602
0.9577142857142857
0.9577625570776256
0.9578107183580388
0.9578587699316629
0.9579067121729238
0.9579545454545455
0.9580022701475596
0.9580498866213152
0.9580973952434881
0.9581447963800905
0.9581920903954803
0.9582392776523702
0.9582863585118376
0.9583333333333334
0.9583802024746907
0.9584269662921349
0.9584736251402918
0.9585201793721974
0.9585666293393057
0.9586129753914989
0.958659217877095
0.9587053571428571
0.9587513935340022
0.9587973273942093
0.9588431590656284
0.9588888888888889
0.9589345172031076
0.958980044345898
0.9590254706533776
0.959070796460177
0.9591160220994475
0.9591611479028698
0.9592061742006616
0.9592511013215859
0.9592959295929593
0.9593406593406594
0.9593852908891328
0.9594298245614035
0.9594742606790799
0.9595185995623632
0.9595628415300547
0.9596069868995634
0.9596510359869138
0.9596949891067538
0.9586956521739131
0.9587404994571118
0.9587852494577006
0.9588299024918743
0.9588744588744589
0.9589189189189189
0.958963282937365
0.9590075512405609
0.959051724137931
0.9590958019375673
0.9591397849462365
0.9591836734693877
0.9592274678111588
0.9592711682743837
0.9593147751605996
0.9593582887700535
0.9594017094017094
0.959445037353255
0.9594882729211087
0.9595314164004259
0.9595744680851064
0.9596174282678002
0.9596602972399151
0.9597030752916225
0.9587301587301588
0.9587737843551797
0.9588173178458289
0.9588607594936709
0.958904109589041
0.9589473684210527
0.9589905362776026
0.9590336134453782
0.9580712788259959
0.9581151832460733
0.9581589958158996
0.9582027168234065
0.9582463465553236
0.9582898852971846
0.9583333333333334
0.9583766909469302
0.9584199584199584
0.9584631360332295
0.9585062240663901
0.9585492227979274
0.9585921325051759
0.9586349534643226
0.9586776859504132
0.9587203302373581
0.9567901234567902
0.9568345323741008
0.9568788501026694
0.9569230769230769
0.9569672131147541
0.9570112589559877
0.9570552147239264
0.9570990806945863
0.9571428571428572
0.9571865443425076
0.9572301425661914
0.9572736520854527
0.9573170731707317
0.9573604060913705
0.9574036511156186
0.9574468085106383
0.9574898785425101
0.9575328614762386
0.9575757575757575
0.9576185671039354
0.9576612903225806
0.9577039274924471
0.9577464788732394
0.9577889447236181
0.9578313253012049
0.9578736208625878
0.9579158316633266
0.9579579579579579
0.958
