0.0
0.0
0.0
0.0
0.0
0.0
0.14285714285714285
0.25
0.2222222222222222
0.2
0.18181818181818182
0.16666666666666666
0.15384615384615385
0.14285714285714285
0.2
0.25
0.23529411764705882
0.2222222222222222
0.2631578947368421
0.25
0.23809523809523808
0.2727272727272727
0.2608695652173913
0.2916666666666667
0.28
0.2692307692307692
0.25925925925925924
0.25
0.2413793103448276
0.26666666666666666
0.2903225806451613
0.3125
0.30303030303030304
0.29411764705882354
0.2857142857142857
0.2777777777777778
0.2702702702702703
0.2631578947368421
0.2564102564102564
0.25
0.2682926829268293
0.2857142857142857
0.27906976744186046
0.2727272727272727
0.26666666666666666
0.2826086956521739
0.2978723404255319
0.3125
0.30612244897959184
0.32
0.3333333333333333
0.3269230769230769
0.33962264150943394
0.3333333333333333
0.34545454545454546
0.35714285714285715
0.3508771929824561
0.3448275862068966
0.3559322033898305
0.35
0.3442622950819672
0.3387096774193548
0.3333333333333333
0.328125
0.3384615384615385
0.3333333333333333
0.3283582089552239
0.3235294117647059
0.3333333333333333
0.32857142857142857
0.3380281690140845
0.3333333333333333
0.3287671232876712
0.32432432432432434
0.3333333333333333
0.32894736842105265
0.33766233766233766
0.34615384615384615
0.35443037974683544
0.35
0.345679012345679
0.35365853658536583
0.3493975903614458
0.34523809523809523
0.3411764705882353
0.3372093023255814
0.3448275862068966
0.3409090909090909
0.33707865168539325
0.34444444444444444
0.3516483516483517
0.34782608695652173
0.34408602150537637
0.3404255319148936
0.3368421052631579
0.3333333333333333
0.32989690721649484
0.32653061224489793
0.32323232323232326
0.33
0.33663366336633666
0.3333333333333333
0.33980582524271846
0.33653846153846156
0.3333333333333333
0.330188679245283
0.3364485981308411
0.3333333333333333
0.3302752293577982
0.33636363636363636
0.3333333333333333
0.3392857142857143
0.336283185840708
0.3333333333333333
0.33043478260869563
0.3275862068965517
0.3333333333333333
0.3305084745762712
0.33613445378151263
0.3416666666666667
0.33884297520661155
0.3360655737704918
0.34146341463414637
0.3387096774193548
0.344
0.3412698412698413
0.33858267716535434
0.3359375
0.3333333333333333
0.33076923076923076
0.3282442748091603
0.3333333333333333
0.3383458646616541
0.34328358208955223
0.34074074074074073
0.3382352941176471
0.3357664233576642
0.34057971014492755
0.3381294964028777
0.34285714285714286
0.3475177304964539
0.34507042253521125
0.34265734265734266
0.3472222222222222
0.35172413793103446
0.3493150684931507
0.3469387755102041
0.34459459459459457
0.348993288590604
0.3466666666666667
0.3443708609271523
0.34210526315789475
0.33986928104575165
0.33766233766233766
0.3419354838709677
0.33974358974358976
0.34394904458598724
0.34810126582278483
0.34591194968553457
0.34375
0.34782608695652173
0.345679012345679
0.34355828220858897
0.3475609756097561
0.34545454545454546
0.3433734939759036
0.3473053892215569
0.34523809523809523
0.3431952662721893
0.3411764705882353
0.34502923976608185
0.3488372093023256
0.3468208092485549
0.3505747126436782
0.3485714285714286
0.3465909090909091
0.3502824858757062
0.3539325842696629
0.3575418994413408
0.3611111111111111
0.35911602209944754
0.35714285714285715
0.3551912568306011
0.3532608695652174
0.35135135135135137
0.34946236559139787
0.34759358288770054
0.34574468085106386
0.3492063492063492
0.3473684210526316
0.34554973821989526
0.34375
0.34196891191709844
0.3402061855670103
0.3384615384615385
0.336734693877551
0.3350253807106599
0.3333333333333333
0.3316582914572864
0.33
0.3283582089552239
0.3316831683168317
0.33004926108374383
0.3284313725490196
0.32682926829268294
0.3300970873786408
0.3285024154589372
0.3317307692307692
0.33014354066985646
0.32857142857142857
0.32701421800947866
0.32547169811320753
0.323943661971831
0.32242990654205606
0.3209302325581395
0.3194444444444444
0.31797235023041476
0.3211009174311927
0.319634703196347
0.3181818181818182
0.3167420814479638
0.31981981981981983
0.3183856502242152
0.3169642857142857
0.31555555555555553
0.3141592920353982
0.31277533039647576
0.31140350877192985
0.314410480349345
0.3130434782608696
0.3116883116883117
0.3103448275862069
0.3090128755364807
0.31196581196581197
0.31063829787234043
0.3135593220338983
0.31223628691983124
0.31092436974789917
0.30962343096234307
0.30833333333333335
0.3070539419087137
0.30991735537190085
0.30864197530864196
0.3073770491803279
0.31020408163265306
0.3130081300813008
0.3117408906882591
0.31048387096774194
0.3092369477911647
0.312
0.3107569721115538
0.30952380952380953
0.308300395256917
0.3110236220472441
0.30980392156862746
0.30859375
0.30739299610894943
0.3062015503875969
0.305019305019305
0.3038461538461538
0.30268199233716475
0.3015267175572519
0.30038022813688214
0.29924242424242425
0.3018867924528302
0.30451127819548873
0.30337078651685395
0.30597014925373134
0.30855018587360594
0.3074074074074074
0.3062730627306273
0.30514705882352944
0.304029304029304
0.3029197080291971
0.3018181818181818
0.3007246376811594
0.2996389891696751
0.29856115107913667
0.2974910394265233
0.3
0.302491103202847
0.30141843971631205
0.303886925795053
0.3028169014084507
0.3017543859649123
0.3006993006993007
0.30313588850174217
0.3020833333333333
0.30103806228373703
0.30344827586206896
0.30584192439862545
0.3082191780821918
0.30716723549488056
0.30612244897959184
0.3050847457627119
0.30743243243243246
0.3063973063973064
0.3087248322147651
0.3076923076923077
0.30666666666666664
0.3089700996677741
0.3079470198675497
0.3102310231023102
0.3092105263157895
0.3081967213114754
0.30718954248366015
0.30944625407166126
0.30844155844155846
0.3074433656957929
0.3064516129032258
0.3054662379421222
0.30448717948717946
0.30670926517571884
0.3057324840764331
0.3047619047619048
0.3037974683544304
0.3028391167192429
0.3018867924528302
0.30094043887147337
0.3
0.30218068535825543
0.30124223602484473
0.30030959752321984
0.30246913580246915
0.30153846153846153
0.30368098159509205
0.30275229357798167
0.3048780487804878
0.3069908814589666
0.30606060606060603
0.30513595166163143
0.3072289156626506
0.3063063063063063
0.3083832335329341
0.3074626865671642
0.30952380952380953
0.3086053412462908
0.3076923076923077
0.30678466076696165
0.3058823529411765
0.30498533724340177
0.30409356725146197
0.3032069970845481
0.30523255813953487
0.30434782608695654
0.3063583815028902
0.30547550432276654
0.3045977011494253
0.30659025787965616
0.3057142857142857
0.30484330484330485
0.3039772727272727
0.3059490084985836
0.3050847457627119
0.30422535211267604
0.30337078651685395
0.30532212885154064
0.30446927374301674
0.30362116991643456
0.30277777777777776
0.30193905817174516
0.3011049723756906
0.30303030303030304
0.30494505494505497
0.30684931506849317
0.30601092896174864
0.30517711171662126
0.3070652173913043
0.3062330623306233
0.3081081081081081
0.30997304582210244
0.30913978494623656
0.30831099195710454
0.31016042780748665
0.30933333333333335
0.30851063829787234
0.3076923076923077
0.30952380952380953
0.3113456464379947
0.3105263157894737
0.30971128608923887
0.31151832460732987
0.31070496083550914
0.3098958333333333
0.3090909090909091
0.31088082901554404
0.31007751937984496
0.30927835051546393
0.30848329048843187
0.3076923076923077
0.309462915601023
0.3112244897959184
0.3104325699745547
0.31218274111675126
0.31139240506329113
0.3106060606060606
0.30982367758186397
0.30904522613065327
0.3107769423558897
0.31
0.3092269326683292
0.30845771144278605
0.3076923076923077
0.3069306930693069
0.30864197530864196
0.3078817733990148
0.3071253071253071
0.3088235294117647
0.3080684596577017
0.3097560975609756
0.30900243309002434
0.308252427184466
0.3075060532687651
0.30676328502415456
0.3060240963855422
0.30528846153846156
0.30455635491606714
0.3062200956937799
0.30787589498806683
0.30714285714285716
0.30641330166270786
0.3056872037914692
0.3049645390070922
0.30660377358490565
0.3058823529411765
0.3051643192488263
0.30679156908665106
0.3060747663551402
0.30536130536130535
0.30465116279069765
0.3039443155452436
0.30324074074074076
0.30484988452655887
0.30414746543778803
0.30344827586206896
0.30275229357798167
0.30205949656750575
0.3013698630136986
0.30296127562642367
0.30227272727272725
0.30158730158730157
0.3031674208144796
0.30248306997742663
0.30180180180180183
0.30112359550561796
0.3004484304932735
0.30201342281879195
0.30357142857142855
0.3028953229398664
0.3022222222222222
0.30155210643015523
0.3030973451327434
0.30242825607064017
0.30176211453744495
0.3032967032967033
0.3026315789473684
0.30196936542669583
0.3034934497816594
0.3028322440087146
0.30217391304347824
0.30151843817787416
0.3008658008658009
0.3002159827213823
0.2995689655172414
0.2989247311827957
0.30042918454935624
0.3019271948608137
0.30128205128205127
0.3006396588486141
0.3
0.29936305732484075
0.3008474576271186
0.30021141649048627
0.30168776371308015
0.30105263157894735
0.3004201680672269
0.29979035639413
0.301255230125523
0.302713987473904
0.3020833333333333
0.30145530145530147
0.3008298755186722
0.3002070393374741
0.29958677685950413
0.29896907216494845
0.29835390946502055
0.29774127310061604
0.29713114754098363
0.2965235173824131
0.29591836734693877
0.2953156822810591
0.2967479674796748
0.2961460446247465
0.29554655870445345
0.29494949494949496
0.29435483870967744
0.2937625754527163
0.2931726907630522
0.2925851703406814
0.292
0.29141716566866266
0.2908366533864542
0.29025844930417494
0.2896825396825397
0.2891089108910891
0.2885375494071146
0.2879684418145957
0.2874015748031496
0.2868369351669941
0.28627450980392155
0.2857142857142857
0.28515625
0.28654970760233917
0.28793774319066145
0.287378640776699
0.28875968992248063
0.2901353965183752
0.2915057915057915
0.2909441233140655
0.2903846153846154
0.28982725527831094
0.289272030651341
0.2887189292543021
0.2881679389312977
0.2876190476190476
0.2889733840304182
0.2903225806451613
0.2916666666666667
0.29111531190926276
0.29056603773584905
0.2900188323917137
0.29135338345864664
0.29080675422138835
0.2902621722846442
0.2897196261682243
0.291044776119403
0.2905027932960894
0.29182156133828996
0.29313543599257885
0.29259259259259257
0.2920517560073937
0.2915129151291513
0.29097605893186
0.29044117647058826
0.29174311926605506
0.29120879120879123
0.2906764168190128
0.291970802919708
0.29143897996357016
0.2909090909090909
0.29038112522686027
0.2898550724637681
0.28933092224231466
0.2888086642599278
0.2882882882882883
0.28776978417266186
0.289048473967684
0.2885304659498208
0.2880143112701252
0.2892857142857143
0.2887700534759358
0.2900355871886121
0.2895204262877442
0.28900709219858156
0.2902654867256637
0.2915194346289753
0.291005291005291
0.2904929577464789
0.28998242530755713
0.2894736842105263
0.29071803852889666
0.291958041958042
0.2914485165794066
0.29094076655052264
0.29043478260869565
0.2899305555555556
0.28942807625649913
0.2889273356401384
0.28842832469775476
0.2896551724137931
0.2891566265060241
0.28865979381443296
0.2881646655231561
0.2876712328767123
0.28717948717948716
0.28668941979522183
0.2879045996592845
0.2891156462585034
0.28862478777589134
0.288135593220339
0.2876480541455161
0.28885135135135137
0.28836424957841483
0.2895622895622896
0.28907563025210087
0.28859060402684567
0.288107202680067
0.28762541806020064
0.2871452420701169
0.2866666666666667
0.28618968386023297
0.2857142857142857
0.28689883913764513
0.28807947019867547
0.2892561983471074
0.2887788778877888
0.2899505766062603
0.2894736842105263
0.2889983579638752
0.28852459016393445
0.28805237315875615
0.28921568627450983
0.28874388254486133
0.28827361563517917
0.2894308943089431
0.2905844155844156
0.2901134521880065
0.2896440129449838
0.28917609046849757
0.2887096774193548
0.2898550724637681
0.2909967845659164
0.29052969502407705
0.2900641025641026
0.2912
0.29233226837060705
0.291866028708134
0.2914012738853503
0.29093799682034976
0.2904761904761905
0.29160063391442154
0.2911392405063291
0.292259083728278
0.2917981072555205
0.2929133858267717
0.29245283018867924
0.29199372056514916
0.29153605015673983
0.29264475743348983
0.2921875
0.2917316692667707
0.29127725856697817
0.29237947122861585
0.2919254658385093
0.29147286821705426
0.29102167182662536
0.29057187017001546
0.29012345679012347
0.29121725731895226
0.2907692307692308
0.2903225806451613
0.29141104294478526
0.29096477794793263
0.290519877675841
0.2916030534351145
0.29115853658536583
0.2907153729071537
0.29027355623100304
0.2898330804248862
0.28939393939393937
0.28895612708018154
0.28851963746223563
0.28808446455505277
0.2876506024096386
0.2887218045112782
0.2882882882882883
0.28785607196401797
0.28892215568862273
0.28998505231689087
0.291044776119403
0.2906110283159464
0.29017857142857145
0.2912332838038633
0.29080118694362017
0.2903703703703704
0.28994082840236685
0.2895125553914328
0.2890855457227139
0.29013254786450665
0.2911764705882353
0.2907488986784141
0.2903225806451613
0.2913616398243045
0.29239766081871343
0.291970802919708
0.29300291545189505
0.2925764192139738
0.2921511627906977
0.2931785195936139
0.2927536231884058
0.2937771345875543
0.29335260115606937
0.29292929292929293
0.29250720461095103
0.2920863309352518
0.29310344827586204
0.2926829268292683
0.29369627507163326
0.2932761087267525
0.29285714285714287
0.29243937232524964
0.292022792022792
0.29160739687055476
0.2911931818181818
0.2907801418439716
0.29178470254957506
0.2927864214992928
0.2937853107344633
0.2933709449929478
0.29295774647887324
0.2939521800281294
0.29353932584269665
0.29453015427769985
0.29411764705882354
0.2951048951048951
0.29608938547486036
0.29707112970711297
0.298050139275766
0.29763560500695413
0.2986111111111111
0.29819694868238555
0.29916897506925205
0.2987551867219917
0.2983425414364641
0.2979310344827586
0.2975206611570248
0.297111416781293
0.2980769230769231
0.29766803840877915
0.29863013698630136
0.2982216142270862
0.2978142076502732
0.2987721691678035
0.29836512261580383
0.29931972789115646
0.30027173913043476
0.29986431478968795
0.2994579945799458
0.29905277401894453
0.3
0.29959514170040485
0.2991913746630728
0.29878869448183043
0.29838709677419356
0.2993288590604027
0.3002680965147453
0.30120481927710846
0.30080213903743314
0.30173564753004006
0.30266666666666664
0.3022636484687084
0.30319148936170215
0.30278884462151395
0.30238726790450926
0.3019867549668874
0.3029100529100529
0.30250990752972257
0.3034300791556728
0.30303030303030304
0.30394736842105263
0.3035479632063075
0.3031496062992126
0.30275229357798167
0.3023560209424084
0.30196078431372547
0.30156657963446476
0.3011734028683181
0.30078125
0.30039011703511054
0.3
0.3009079118028534
0.3005181347150259
0.3014230271668823
0.3023255813953488
0.30193548387096775
0.3015463917525773
0.30115830115830117
0.30205655526992287
0.3029525032092426
0.3038461538461538
0.3047375160051216
0.30434782608695654
0.30395913154533843
0.30357142857142855
0.30445859872611464
0.30407124681933845
0.30495552731893266
0.30456852791878175
0.30544993662864384
0.3050632911392405
0.3059418457648546
0.3068181818181818
0.3064312736443884
0.3060453400503778
0.30566037735849055
0.30527638190954776
0.30489335006273527
0.30451127819548873
0.3041301627033792
0.30375
0.3046192259675406
0.30423940149625933
0.3038605230386052
0.3034825870646766
0.3031055900621118
0.3027295285359802
0.3023543990086741
0.3032178217821782
0.30284301606922126
0.30246913580246915
0.30209617755856966
0.3017241379310345
0.3025830258302583
0.3034398034398034
0.3030674846625767
0.30269607843137253
0.3023255813953488
0.3019559902200489
0.3028083028083028
0.3024390243902439
0.3020706455542022
0.30170316301703165
0.3025516403402187
0.30218446601941745
0.3018181818181818
0.30145278450363194
0.3010882708585248
0.3007246376811594
0.30036188178528345
0.30120481927710846
0.3008423586040915
0.3016826923076923
0.3025210084033613
0.302158273381295
0.3017964071856287
0.3026315789473684
0.3034647550776583
0.3031026252983294
0.3039332538736591
0.30357142857142855
0.3032104637336504
0.30403800475059384
0.3036773428232503
0.3033175355450237
0.30414201183431955
0.3037825059101655
0.30460448642266824
0.30542452830188677
0.3050647820965842
0.30470588235294116
0.30552291421856637
0.3051643192488263
0.305978898007034
0.30679156908665106
0.3064327485380117
0.3060747663551402
0.30688448074679114
0.30652680652680653
0.3061699650756694
0.3058139534883721
0.305458768873403
0.3051044083526682
0.30590961761297797
0.3055555555555556
0.3063583815028902
0.3071593533487298
0.3079584775086505
0.3076036866359447
0.30724971231300346
0.30689655172413793
0.3076923076923077
0.3073394495412844
0.30698739977090495
0.30663615560640733
0.3062857142857143
0.3059360730593607
0.3055872291904219
0.3052391799544419
0.30489192263936293
0.30454545454545456
0.30533484676503975
0.30498866213151926
0.304643261608154
0.3042986425339366
0.303954802259887
0.3047404063205418
0.3043968432919955
0.30405405405405406
0.30371203599550056
0.30337078651685395
0.30303030303030304
0.30269058295964124
0.3023516237402016
0.30201342281879195
0.3027932960893855
0.30357142857142855
0.3032329988851728
0.3028953229398664
0.3025583982202447
0.3022222222222222
0.3029966703662597
0.3026607538802661
0.3023255813953488
0.3030973451327434
0.3027624309392265
0.30242825607064017
0.30209481808158767
0.30176211453744495
0.3025302530253025
0.3021978021978022
0.3018660812294182
0.30153508771929827
0.30120481927710846
0.30087527352297594
0.3005464480874317
0.30131004366812225
0.3009814612868048
0.3006535947712418
0.3014145810663765
0.3010869565217391
0.30184581976112923
0.30151843817787416
0.30119176598049835
0.30194805194805197
0.3016216216216216
0.3023758099352052
0.30204962243797195
0.30280172413793105
0.302475780409042
0.3021505376344086
0.3029001074113856
0.30257510729613735
0.3022508038585209
0.3029978586723769
0.3037433155080214
0.3034188034188034
0.3030949839914621
0.302771855010661
0.30244941427050054
0.30319148936170215
0.3028692879914984
0.30254777070063693
0.30328738069989397
0.3029661016949153
0.3037037037037037
0.3033826638477801
0.3041182682154171
0.3037974683544304
0.303477344573235
0.3042105263157895
0.3049421661409043
0.30567226890756305
0.30535152151101785
0.3060796645702306
0.3068062827225131
0.3075313807531381
0.3072100313479624
0.3068893528183716
0.30656934306569344
0.30625
0.3059313215400624
0.30561330561330563
0.3052959501557632
0.3049792531120332
0.30569948186528495
0.3053830227743271
0.30610134436401243
0.30578512396694213
0.30546955624355004
0.30515463917525776
0.30484037075180226
0.3055555555555556
0.3052415210688592
0.3049281314168378
0.30564102564102563
0.305327868852459
0.30501535312180145
0.3047034764826176
0.3054136874361593
0.30612244897959184
0.3068297655453619
0.3065173116089613
0.3072227873855544
0.30691056910569103
0.3065989847715736
0.30730223123732253
0.3069908814589666
0.3066801619433198
0.3063700707785642
0.30606060606060603
0.3067608476286579
0.3064516129032258
0.30614300100704933
0.306841046277666
0.3065326633165829
0.30622489959839355
0.3059177532597793
0.3066132264529058
0.3073073073073073
0.307
