1.0
1.0
1.0
1.0
1.0
1.0
1.0
1.0
1.0
1.0
1.0
1.0
1.0
1.0
1.0
1.0
1.0
1.0
1.0
1.0
1.0
1.0
1.0
1.0
1.0
1.0
1.0
1.0
1.0
1.0
1.0
1.0
1.0
1.0
1.0
1.0
1.0
1.0
1.0
1.0
1.0
1.0
1.0
1.0
1.0
1.0
1.0
1.0
1.0
1.0
1.0
1.0
1.0
1.0
1.0
1.0
1.0
0.9830508474576272
0.9833333333333333
0.9836065573770492
0.9838709677419355
0.9841269841269841
0.984375
0.9846153846153847
0.9848484848484849
0.9850746268656716
0.9852941176470589
0.9855072463768116
0.9857142857142858
0.9859154929577465
0.9861111111111112
0.9863013698630136
0.9864864864864865
0.9866666666666667
0.9868421052631579
0.987012987012987
0.9871794871794872
0.9873417721518988
0.9875
0.9876543209876543
0.9878048780487805
0.9879518072289156
0.9880952380952381
0.9882352941176471
0.9883720930232558
0.9885057471264368
0.9886363636363636
0.9887640449438202
0.9888888888888889
0.989010989010989
0.9891304347826086
0.989247311827957
0.9893617021276596
0.9894736842105263
0.9895833333333334
0.9896907216494846
0.9897959183673469
0.98989898989899
0.99
0.9900990099009901
0.9901960784313726
0.9902912621359223
0.9903846153846154
0.9904761904761905
0.9905660377358491
0.9906542056074766
0.9907407407407407
0.9908256880733946
0.990909090909091
0.990990990990991
0.9910714285714286
0.9911504424778761
0.9912280701754386
0.991304347826087
0.9913793103448276
0.9914529914529915
0.9915254237288136
0.9915966386554622
0.9916666666666667
0.9917355371900827
0.9918032786885246
0.991869918699187
0.9919354838709677
0.992
0.9920634920634921
0.9921259842519685
0.9921875
0.9922480620155039
0.9923076923076923
0.9923664122137404
0.9924242424242424
0.9924812030075187
0.9925373134328358
0.9925925925925926
0.9926470588235294
0.9927007299270073
0.9927536231884058
0.9928057553956835
0.9928571428571429
0.9929078014184397
0.9929577464788732
0.993006993006993
0.9930555555555556
0.993103448275862
0.9931506849315068
0.9931972789115646
0.9932432432432432
0.9932885906040269
0.9933333333333333
0.9933774834437086
0.993421052631579
0.9934640522875817
0.9870967741935484
0.9871794871794872
0.9872611464968153
0.9873417721518988
0.9874213836477987
0.9875
0.9814814814814815
0.9815950920245399
0.9817073170731707
0.9818181818181818
0.9819277108433735
0.9820359281437125
0.9821428571428571
0.9822485207100592
0.9823529411764705
0.9824561403508771
0.9825581395348837
0.9826589595375722
0.9827586206896551
0.9828571428571429
0.9829545454545454
0.9830508474576272
0.9831460674157303
0.9832402234636871
0.9833333333333333
0.9834254143646409
0.9835164835164835
0.9836065573770492
0.9836956521739131
0.9837837837837838
0.9838709677419355
0.983957219251337
0.9840425531914894
0.9841269841269841
0.9842105263157894
0.9842931937172775
0.984375
0.9844559585492227
0.9845360824742269
0.9846153846153847
0.9846938775510204
0.9847715736040609
0.9848484848484849
0.9849246231155779
0.985
0.9850746268656716
0.9851485148514851
0.9852216748768473
0.9852941176470589
0.9853658536585366
0.9854368932038835
0.9855072463768116
0.9855769230769231
0.9856459330143541
0.9857142857142858
0.985781990521327
0.9858490566037735
0.9859154929577465
0.985981308411215
0.986046511627907
0.9861111111111112
0.9861751152073732
0.9862385321100917
0.9863013698630136
0.9863636363636363
0.9864253393665159
0.9864864864864865
0.9865470852017937
0.9866071428571429
0.9866666666666667
0.9867256637168141
0.986784140969163
0.9868421052631579
0.9868995633187773
0.9869565217391304
0.987012987012987
0.9870689655172413
0.9871244635193133
0.9871794871794872
0.9872340425531915
0.9872881355932204
0.9873417721518988
0.9873949579831933
0.9874476987447699
0.9875
0.9875518672199171
0.987603305785124
0.9876543209876543
0.9877049180327869
0.9877551020408163
0.9878048780487805
0.9878542510121457
0.9879032258064516
0.9879518072289156
0.988
0.9880478087649402
0.9880952380952381
0.9881422924901185
0.9881889763779528
0.9882352941176471
0.98828125
0.9883268482490273
0.9883720930232558
0.9884169884169884
0.9884615384615385
0.9885057471264368
0.9885496183206107
0.9885931558935361
0.9886363636363636
0.9886792452830189
0.9887218045112782
0.9887640449438202
0.9888059701492538
0.9888475836431226
0.9888888888888889
0.988929889298893
0.9889705882352942
0.989010989010989
0.9890510948905109
0.9890909090909091
0.9891304347826086
0.9891696750902527
0.9892086330935251
0.989247311827957
0.9892857142857143
0.9893238434163701
0.9893617021276596
0.9893992932862191
0.9894366197183099
0.9894736842105263
0.9895104895104895
0.9895470383275261
0.9895833333333334
0.9896193771626297
0.9896551724137931
0.9896907216494846
0.9897260273972602
0.9897610921501706
0.9897959183673469
0.9898305084745763
0.9898648648648649
0.98989898989899
0.9899328859060402
0.9899665551839465
0.99
0.9900332225913622
0.9900662251655629
0.9900990099009901
0.9901315789473685
0.9901639344262295
0.9901960784313726
0.990228013029316
0.9902597402597403
0.9902912621359223
0.9903225806451613
0.9903536977491961
0.9903846153846154
0.9904153354632588
0.9904458598726115
0.9904761904761905
0.990506329113924
0.9905362776025236
0.9905660377358491
0.9905956112852664
0.990625
0.9906542056074766
0.9906832298136646
0.9907120743034056
0.9907407407407407
0.9907692307692307
0.99079754601227
0.9908256880733946
0.9908536585365854
0.9908814589665653
0.990909090909091
0.9909365558912386
0.9909638554216867
0.990990990990991
0.9910179640718563
0.991044776119403
0.9910714285714286
0.9910979228486647
0.9911242603550295
0.9911504424778761
0.9911764705882353
0.9912023460410557
0.9912280701754386
0.9912536443148688
0.9912790697674418
0.991304347826087
0.9913294797687862
0.9913544668587896
0.9913793103448276
0.9914040114613181
0.9914285714285714
0.9914529914529915
0.9914772727272727
0.9915014164305949
0.9915254237288136
0.9915492957746479
0.9915730337078652
0.9915966386554622
0.9916201117318436
0.9916434540389972
0.9916666666666667
0.9916897506925207
0.9917127071823204
0.9917355371900827
0.9917582417582418
0.9917808219178083
0.9918032786885246
0.9918256130790191
0.9918478260869565
0.991869918699187
0.9918918918918919
0.9919137466307277
0.9919354838709677
0.9919571045576407
0.9919786096256684
0.992
0.9920212765957447
0.9920424403183024
0.9920634920634921
0.9920844327176781
0.9921052631578947
0.9921259842519685
0.9921465968586387
0.9921671018276762
0.9921875
0.9922077922077922
0.9922279792746114
0.9922480620155039
0.9922680412371134
0.9922879177377892
0.9923076923076923
0.9923273657289002
0.9923469387755102
0.9923664122137404
0.9923857868020305
0.9924050632911392
0.9924242424242424
0.9924433249370277
0.992462311557789
0.9924812030075187
0.9925
0.9925187032418953
0.9925373134328358
0.9925558312655087
0.9925742574257426
0.9925925925925926
0.9926108374384236
0.9926289926289926
0.9926470588235294
0.9926650366748166
0.9926829268292683
0.9927007299270073
0.9927184466019418
0.9927360774818402
0.9927536231884058
0.9927710843373494
0.9927884615384616
0.9928057553956835
0.992822966507177
0.9928400954653938
0.9928571428571429
0.9928741092636579
0.9928909952606635
0.9929078014184397
0.9929245283018868
0.9929411764705882
0.9929577464788732
0.9929742388758782
0.9929906542056075
0.993006993006993
0.9930232558139535
0.9930394431554525
0.9930555555555556
0.9930715935334873
0.9930875576036866
0.993103448275862
0.9931192660550459
0.9931350114416476
0.9931506849315068
0.9931662870159453
0.9931818181818182
0.9931972789115646
0.9932126696832579
0.9932279909706546
0.9932432432432432
0.9932584269662922
0.9932735426008968
0.9932885906040269
0.9933035714285714
0.9933184855233853
0.9933333333333333
0.9933481152993349
0.9933628318584071
0.9933774834437086
0.9933920704845814
0.9934065934065934
0.993421052631579
0.9934354485776805
0.9912854030501089
0.991304347826087
0.9913232104121475
0.9913419913419913
0.9913606911447084
0.9913793103448276
0.9913978494623656
0.9914163090128756
0.9914346895074947
0.9914529914529915
0.9914712153518124
0.9914893617021276
0.9915074309978769
0.9915254237288136
0.9915433403805497
0.9915611814345991
0.991578947368421
0.9915966386554622
0.9916142557651991
0.9916317991631799
0.9916492693110647
0.9916666666666667
0.9916839916839917
0.991701244813278
0.9917184265010351
0.9917355371900827
0.9917525773195877
0.9917695473251029
0.9917864476386037
0.9918032786885246
0.9918200408997955
0.9918367346938776
0.9918533604887984
0.991869918699187
0.9918864097363083
0.9919028340080972
0.9919191919191919
0.9919354838709677
0.9919517102615694
0.9919678714859438
0.9919839679358717
0.992
0.9920159680638723
0.9920318725099602
0.9920477137176938
0.9920634920634921
0.9920792079207921
0.9920948616600791
0.9921104536489151
0.9921259842519685
0.9921414538310412
0.9921568627450981
0.9921722113502935
0.9921875
0.9922027290448343
0.9922178988326849
0.9922330097087378
0.9922480620155039
0.9922630560928434
0.9922779922779923
0.9922928709055877
0.9904030710172744
0.9904214559386973
0.9904397705544933
0.9904580152671756
0.9904761904761905
0.9904942965779467
0.9905123339658444
0.990530303030303
0.9905482041587902
0.9905660377358491
0.9905838041431262
0.9906015037593985
0.9906191369606003
0.9906367041198502
0.9906542056074766
0.9906716417910447
0.9906890130353817
0.9907063197026023
0.9907235621521335
0.9907407407407407
0.9907578558225508
0.9907749077490775
0.990791896869245
0.9908088235294118
0.9908256880733946
0.9908424908424909
0.9908592321755028
0.9908759124087592
0.9908925318761385
0.990909090909091
0.9909255898366606
0.9909420289855072
0.9909584086799277
0.9909747292418772
0.990990990990991
0.9910071942446043
0.9910233393177738
0.9910394265232975
0.9910554561717353
0.9910714285714286
0.9910873440285205
0.9911032028469751
0.9911190053285968
0.9911347517730497
0.9911504424778761
0.991166077738516
0.9911816578483245
0.9911971830985915
0.9912126537785588
0.9912280701754386
0.9912434325744308
0.9912587412587412
0.9912739965095986
0.9912891986062717
0.991304347826087
0.9913194444444444
0.9913344887348353
0.9913494809688581
0.9913644214162349
0.9913793103448276
0.9913941480206541
0.9914089347079038
0.9914236706689536
0.9914383561643836
0.9914529914529915
0.9914675767918089
0.9914821124361158
0.9914965986394558
0.9915110356536503
0.9915254237288136
0.9915397631133672
0.9915540540540541
0.9915682967959528
0.9915824915824916
0.9915966386554622
0.9916107382550335
0.9916247906197655
0.9916387959866221
0.99
0.9900166389351082
0.9900332225913622
0.9900497512437811
0.9900662251655629
0.9900826446280991
0.9900990099009901
0.9901153212520593
0.9901315789473685
0.9901477832512315
0.9901639344262295
0.9901800327332242
0.9901960784313726
0.9902120717781403
0.990228013029316
0.9902439024390244
0.9902597402597403
0.9902755267423015
0.9902912621359223
0.9903069466882067
0.9903225806451613
0.9903381642512077
0.9903536977491961
0.9903691813804173
0.9903846153846154
0.9904
0.9904153354632588
0.9904306220095693
0.9904458598726115
0.9904610492845787
0.9904761904761905
0.9904912836767037
0.990506329113924
0.990521327014218
0.9905362776025236
0.9905511811023622
0.9905660377358491
0.9905808477237049
0.9905956112852664
0.9906103286384976
0.990625
0.9906396255850234
0.9906542056074766
0.9906687402799378
0.9906832298136646
0.9906976744186047
0.9907120743034056
0.990726429675425
0.9907407407407407
0.9907550077041603
0.9907692307692307
0.9907834101382489
0.99079754601227
0.9908116385911179
0.9908256880733946
0.9908396946564886
0.9908536585365854
0.9908675799086758
0.9908814589665653
0.9908952959028832
0.990909090909091
0.9909228441754917
0.9909365558912386
0.9909502262443439
0.9909638554216867
0.9909774436090225
0.990990990990991
0.9910044977511244
0.9910179640718563
0.9910313901345291
0.991044776119403
0.9910581222056631
0.9910714285714286
0.9910846953937593
0.9910979228486647
0.9911111111111112
0.9911242603550295
0.9911373707533235
0.9911504424778761
0.9911634756995582
0.9911764705882353
0.9911894273127754
0.9912023460410557
0.9912152269399708
0.9912280701754386
0.9912408759124087
0.9912536443148688
0.9912663755458515
0.9912790697674418
0.9912917271407837
0.991304347826087
0.9913169319826338
0.9913294797687862
0.9913419913419913
0.9913544668587896
0.9913669064748202
0.9913793103448276
0.9913916786226685
0.9914040114613181
0.9914163090128756
0.9914285714285714
0.9914407988587732
0.9914529914529915
0.9914651493598862
0.9914772727272727
0.9914893617021276
0.9915014164305949
0.9915134370579916
0.9915254237288136
0.9915373765867419
0.9915492957746479
0.9915611814345991
0.9915730337078652
0.9915848527349228
0.9915966386554622
0.9916083916083916
0.9916201117318436
0.9916317991631799
0.9916434540389972
0.9916550764951322
0.9916666666666667
0.9916782246879334
0.9916897506925207
0.991701244813278
0.9917127071823204
0.9917241379310345
0.9917355371900827
0.9917469050894085
0.9917582417582418
0.9917695473251029
0.9917808219178083
0.9917920656634747
0.9918032786885246
0.9918144611186903
0.9918256130790191
0.9918367346938776
0.9918478260869565
0.9918588873812755
0.991869918699187
0.9918809201623816
0.9918918918918919
0.9919028340080972
0.9919137466307277
0.9919246298788694
0.9919354838709677
0.9919463087248322
0.9919571045576407
0.9919678714859438
0.9919786096256684
0.9919893190921228
0.992
0.9920106524633822
0.9920212765957447
0.9920318725099602
0.9920424403183024
0.9920529801324504
0.9920634920634921
0.9920739762219286
0.9920844327176781
0.9920948616600791
0.9921052631578947
0.9921156373193167
0.9921259842519685
0.9921363040629095
0.9921465968586387
0.9921568627450981
0.9921671018276762
0.9921773142112125
0.9921875
0.9921976592977894
0.9922077922077922
0.9922178988326849
0.9922279792746114
0.9922380336351876
0.9922480620155039
0.9922580645161291
0.9922680412371134
0.9922779922779923
0.9922879177377892
0.9922978177150192
0.9923076923076923
0.9923175416133163
0.9923273657289002
0.9923371647509579
0.9923469387755102
0.9923566878980892
0.9923664122137404
0.9923761118170267
0.9923857868020305
0.9923954372623575
0.9924050632911392
0.9924146649810367
0.9924242424242424
0.9924337957124842
0.9924433249370277
0.9924528301886792
0.992462311557789
0.9924717691342535
0.9924812030075187
0.9924906132665833
0.9925
0.9925093632958801
0.9925187032418953
0.9925280199252802
0.9925373134328358
0.9925465838509316
0.9925558312655087
0.9925650557620818
0.9925742574257426
0.992583436341162
0.9925925925925926
0.9926017262638718
0.9926108374384236
0.992619926199262
0.9926289926289926
0.992638036809816
0.9926470588235294
0.99265605875153
0.9926650366748166
0.9926739926739927
0.9926829268292683
0.9926918392204629
0.9927007299270073
0.9927095990279465
0.9927184466019418
0.9927272727272727
0.9927360774818402
0.992744860943168
0.9927536231884058
0.9927623642943305
0.9927710843373494
0.9927797833935018
0.9927884615384616
0.992797118847539
0.9916167664670659
0.9916267942583732
0.991636798088411
0.9916467780429594
0.9916567342073898
0.9916666666666667
0.9916765755053508
0.9916864608076009
0.9916963226571768
0.9917061611374408
0.991715976331361
0.991725768321513
0.9917355371900827
0.9917452830188679
0.9917550058892816
0.991764705882353
0.9917743830787309
0.9917840375586855
0.9917936694021102
0.9918032786885246
0.991812865497076
0.991822429906542
0.9918319719953326
0.9918414918414918
0.9918509895227008
0.9918604651162791
0.991869918699187
0.9918793503480279
0.9918887601390498
0.9918981481481481
0.991907514450867
0.9919168591224018
0.9919261822376009
0.9919354838709677
0.9919447640966629
0.9919540229885058
0.9919632606199771
0.9919724770642202
0.9919816723940436
0.9919908466819222
0.992
0.9920091324200914
0.992018244013683
0.9920273348519362
0.9920364050056882
0.9920454545454546
0.9920544835414302
0.9920634920634921
0.9920724801812004
0.9920814479638009
0.992090395480226
0.9920993227990971
0.992108229988726
0.9921171171171171
0.9921259842519685
0.9921348314606742
0.9921436588103255
0.992152466367713
0.9921612541993281
0.9921700223713646
0.9921787709497206
0.9921875
0.992196209587514
0.9922048997772829
0.9922135706340378
0.9922222222222222
0.9922308546059934
0.9922394678492239
0.9922480620155039
0.9922566371681416
0.9922651933701657
0.9922737306843267
0.9922822491730982
0.9922907488986784
0.9922992299229924
0.9923076923076923
0.9923161361141603
0.9923245614035088
0.9923329682365827
0.9923413566739606
0.9923497267759562
0.99235807860262
0.9923664122137404
0.9923747276688453
0.9923830250272034
0.9923913043478261
0.992399565689468
0.9924078091106291
0.9924160346695557
0.9924242424242424
0.9924324324324324
0.9924406047516199
0.9924487594390508
0.9924568965517241
0.9924650161463939
0.9924731182795699
0.9924812030075187
0.9924892703862661
0.992497320471597
0.9925053533190579
0.9925133689839573
0.9925213675213675
0.9925293489861259
0.9925373134328358
0.9925452609158679
0.9914984059511158
0.9915074309978769
0.9915164369034994
0.9915254237288136
0.9915343915343915
0.9915433403805497
0.9915522703273495
0.9915611814345991
0.9915700737618546
0.991578947368421
0.9915878023133544
0.9915966386554622
0.9916054564533053
0.9916142557651991
0.9916230366492147
0.9916317991631799
0.9916405433646813
0.9916492693110647
0.9916579770594369
0.9916666666666667
0.991675338189386
0.9916839916839917
0.9916926272066459
0.991701244813278
0.9917098445595854
0.9917184265010351
0.9917269906928645
0.9917355371900827
0.9917440660474717
0.9917525773195877
0.9917610710607621
0.9917695473251029
0.9917780061664954
0.9917864476386037
0.9917948717948718
0.9918032786885246
0.9918116683725691
0.9918200408997955
0.9918283963227783
0.9918367346938776
0.9918450560652395
0.9908443540183113
0.9908536585365854
0.9908629441624366
0.9908722109533469
0.9908814589665653
0.9908906882591093
0.9908998988877654
0.990909090909091
0.9909182643794148
0.9909274193548387
0.9909365558912386
0.9909456740442656
0.9909547738693467
0.9909638554216867
0.9909729187562688
0.9909819639278558
0.990990990990991
0.991
