1.0
0.5
0.3333333333333333
0.25
0.2
0.16666666666666666
0.14285714285714285
0.25
0.2222222222222222
0.2
0.18181818181818182
0.16666666666666666
0.15384615384615385
0.14285714285714285
0.13333333333333333
0.1875
0.17647058823529413
0.16666666666666666
0.15789473684210525
0.15
0.14285714285714285
0.18181818181818182
0.17391304347826086
0.16666666666666666
0.2
0.19230769230769232
0.2222222222222222
0.21428571428571427
0.20689655172413793
0.2
0.22580645161290322
0.21875
0.21212121212121213
0.20588235294117646
0.2
0.2222222222222222
0.24324324324324326
0.23684210526315788
0.23076923076923078
0.25
0.24390243902439024
0.23809523809523808
0.23255813953488372
0.22727272727272727
0.2222222222222222
0.21739130434782608
0.2127659574468085
0.20833333333333334
0.22448979591836735
0.22
0.21568627450980393
0.23076923076923078
0.22641509433962265
0.2222222222222222
0.21818181818181817
0.21428571428571427
0.21052631578947367
0.20689655172413793
0.2033898305084746
0.21666666666666667
0.22950819672131148
0.22580645161290322
0.2222222222222222
0.234375
0.23076923076923078
0.22727272727272727
0.22388059701492538
0.23529411764705882
0.2463768115942029
0.2571428571428571
0.2535211267605634
0.25
0.2602739726027397
0.25675675675675674
0.25333333333333335
0.2631578947368421
0.2727272727272727
0.28205128205128205
0.2911392405063291
0.3
0.2962962962962963
0.2926829268292683
0.2891566265060241
0.2857142857142857
0.29411764705882354
0.3023255813953488
0.2988505747126437
0.29545454545454547
0.29213483146067415
0.28888888888888886
0.2857142857142857
0.2826086956521739
0.2903225806451613
0.2872340425531915
0.29473684210526313
0.3020833333333333
0.29896907216494845
0.29591836734693877
0.30303030303030304
0.3
0.297029702970297
0.29411764705882354
0.2912621359223301
0.28846153846153844
0.2857142857142857
0.2830188679245283
0.2803738317757009
0.2777777777777778
0.28440366972477066
0.2909090909090909
0.2882882882882883
0.29464285714285715
0.3008849557522124
0.30701754385964913
0.3130434782608696
0.3103448275862069
0.3076923076923077
0.3050847457627119
0.3025210084033613
0.30833333333333335
0.3140495867768595
0.3114754098360656
0.3089430894308943
0.3064516129032258
0.304
0.30952380952380953
0.30708661417322836
0.3046875
0.3023255813953488
0.3076923076923077
0.31297709923664124
0.3106060606060606
0.3082706766917293
0.31343283582089554
0.3111111111111111
0.3161764705882353
0.31386861313868614
0.3188405797101449
0.31654676258992803
0.3142857142857143
0.3191489361702128
0.323943661971831
0.32167832167832167
0.3194444444444444
0.31724137931034485
0.3150684931506849
0.3129251700680272
0.3108108108108108
0.3087248322147651
0.31333333333333335
0.31125827814569534
0.3092105263157895
0.30718954248366015
0.3051948051948052
0.3096774193548387
0.3076923076923077
0.31210191082802546
0.310126582278481
0.3081761006289308
0.30625
0.30434782608695654
0.30246913580246915
0.3067484662576687
0.3048780487804878
0.30303030303030304
0.30120481927710846
0.30538922155688625
0.30357142857142855
0.30177514792899407
0.3058823529411765
0.30409356725146197
0.3023255813953488
0.30057803468208094
0.2988505747126437
0.29714285714285715
0.30113636363636365
0.2994350282485876
0.29775280898876405
0.29608938547486036
0.29444444444444445
0.2983425414364641
0.2967032967032967
0.3005464480874317
0.30434782608695654
0.3027027027027027
0.3010752688172043
0.2994652406417112
0.2978723404255319
0.2962962962962963
0.3
0.29842931937172773
0.296875
0.29533678756476683
0.29381443298969073
0.29743589743589743
0.29591836734693877
0.29441624365482233
0.29797979797979796
0.2964824120603015
0.3
0.29850746268656714
0.297029702970297
0.2955665024630542
0.29901960784313725
0.2975609756097561
0.30097087378640774
0.2995169082125604
0.2980769230769231
0.2966507177033493
0.29523809523809524
0.2985781990521327
0.2971698113207547
0.29577464788732394
0.29906542056074764
0.3023255813953488
0.30092592592592593
0.2995391705069124
0.30275229357798167
0.3059360730593607
0.30454545454545456
0.3031674208144796
0.3063063063063063
0.30493273542600896
0.3080357142857143
0.30666666666666664
0.3053097345132743
0.30837004405286345
0.31140350877192985
0.31004366812227074
0.30869565217391304
0.3116883116883117
0.3146551724137931
0.3133047210300429
0.31196581196581197
0.31063829787234043
0.3135593220338983
0.31645569620253167
0.31932773109243695
0.3179916317991632
0.31666666666666665
0.31950207468879666
0.3181818181818182
0.3168724279835391
0.3155737704918033
0.3183673469387755
0.3170731707317073
0.31983805668016196
0.3185483870967742
0.3172690763052209
0.32
0.32270916334661354
0.32142857142857145
0.3241106719367589
0.32677165354330706
0.3254901960784314
0.32421875
0.32684824902723736
0.32558139534883723
0.32432432432432434
0.3230769230769231
0.3218390804597701
0.32061068702290074
0.3193916349809886
0.3181818181818182
0.3169811320754717
0.3157894736842105
0.3146067415730337
0.31343283582089554
0.31226765799256506
0.3111111111111111
0.30996309963099633
0.3088235294117647
0.3076923076923077
0.30656934306569344
0.3090909090909091
0.3079710144927536
0.30685920577617326
0.3057553956834532
0.3046594982078853
0.30357142857142855
0.30604982206405695
0.30851063829787234
0.30742049469964666
0.30633802816901406
0.30526315789473685
0.3041958041958042
0.30662020905923343
0.3055555555555556
0.3079584775086505
0.30689655172413793
0.30927835051546393
0.3116438356164384
0.31399317406143346
0.3129251700680272
0.3152542372881356
0.3141891891891892
0.31313131313131315
0.31543624161073824
0.31438127090301005
0.31333333333333335
0.3122923588039867
0.31125827814569534
0.3102310231023102
0.3092105263157895
0.3114754098360656
0.3137254901960784
0.31596091205211724
0.31493506493506496
0.313915857605178
0.31290322580645163
0.31189710610932475
0.3108974358974359
0.30990415335463256
0.3089171974522293
0.3111111111111111
0.310126582278481
0.30914826498422715
0.3081761006289308
0.3103448275862069
0.309375
0.308411214953271
0.30745341614906835
0.3065015479876161
0.3055555555555556
0.3046153846153846
0.30368098159509205
0.30275229357798167
0.3048780487804878
0.303951367781155
0.30303030303030304
0.3021148036253776
0.30120481927710846
0.3003003003003003
0.3023952095808383
0.30149253731343284
0.30357142857142855
0.3026706231454006
0.30177514792899407
0.3008849557522124
0.3
0.2991202346041056
0.2982456140350877
0.29737609329446063
0.29651162790697677
0.2985507246376812
0.2976878612716763
0.2968299711815562
0.2959770114942529
0.2979942693409742
0.29714285714285715
0.29914529914529914
0.29829545454545453
0.29745042492917845
0.2966101694915254
0.29577464788732394
0.29775280898876405
0.2969187675070028
0.29608938547486036
0.29526462395543174
0.29444444444444445
0.29362880886426596
0.292817679558011
0.29476584022038566
0.2967032967032967
0.2958904109589041
0.29508196721311475
0.29427792915531337
0.29347826086956524
0.2926829268292683
0.2918918918918919
0.29110512129380056
0.2903225806451613
0.289544235924933
0.2914438502673797
0.29333333333333333
0.2925531914893617
0.2917771883289125
0.291005291005291
0.29023746701846964
0.2894736842105263
0.2887139107611549
0.2879581151832461
0.2898172323759791
0.2890625
0.2909090909090909
0.29015544041450775
0.29198966408268734
0.2912371134020619
0.2930591259640103
0.2923076923076923
0.29411764705882354
0.29336734693877553
0.2926208651399491
0.2918781725888325
0.2911392405063291
0.2904040404040404
0.28967254408060455
0.2914572864321608
0.2932330827067669
0.2925
0.29177057356608477
0.291044776119403
0.2903225806451613
0.29207920792079206
0.291358024691358
0.29064039408866993
0.29238329238329236
0.2916666666666667
0.29095354523227385
0.29024390243902437
0.2895377128953771
0.28883495145631066
0.288135593220339
0.2898550724637681
0.2891566265060241
0.29086538461538464
0.290167865707434
0.291866028708134
0.2911694510739857
0.2904761904761905
0.2921615201900237
0.2938388625592417
0.29314420803782504
0.294811320754717
0.2964705882352941
0.29577464788732394
0.297423887587822
0.2967289719626168
0.29603729603729606
0.29534883720930233
0.29698375870069604
0.2962962962962963
0.2979214780600462
0.29723502304147464
0.296551724137931
0.2958715596330275
0.2974828375286041
0.2968036529680365
0.2984054669703872
0.29772727272727273
0.29705215419501135
0.29638009049773756
0.29571106094808125
0.2972972972972973
0.2966292134831461
0.29596412556053814
0.2975391498881432
0.296875
0.2962138084632517
0.29555555555555557
0.29711751662971175
0.29646017699115046
0.2958057395143488
0.29515418502202645
0.2967032967032967
0.2982456140350877
0.2975929978118162
0.29694323144104806
0.2984749455337691
0.29782608695652174
0.2993492407809111
0.3008658008658009
0.3023758099352052
0.3017241379310345
0.3032258064516129
0.30257510729613735
0.3019271948608137
0.30128205128205127
0.3006396588486141
0.3
0.29936305732484075
0.298728813559322
0.29809725158562367
0.29957805907172996
0.29894736842105263
0.29831932773109243
0.2976939203354298
0.29707112970711297
0.2964509394572025
0.29583333333333334
0.29521829521829523
0.2946058091286307
0.2939958592132505
0.29338842975206614
0.2927835051546392
0.29218106995884774
0.2915811088295688
0.29098360655737704
0.2903885480572597
0.29183673469387755
0.29327902240325865
0.2926829268292683
0.2920892494929006
0.2935222672064777
0.29494949494949496
0.29435483870967744
0.2937625754527163
0.2931726907630522
0.2925851703406814
0.292
0.29141716566866266
0.2908366533864542
0.2922465208747515
0.29365079365079366
0.29306930693069305
0.2924901185770751
0.29191321499013806
0.29133858267716534
0.29273084479371314
0.29411764705882354
0.29549902152641877
0.296875
0.2982456140350877
0.29766536964980544
0.2970873786407767
0.29651162790697677
0.29593810444874274
0.2953667953667954
0.29672447013487474
0.29615384615384616
0.29558541266794625
0.2950191570881226
0.29636711281070743
0.29770992366412213
0.29714285714285715
0.2965779467680608
0.29601518026565465
0.29545454545454547
0.2948960302457467
0.2943396226415094
0.2937853107344633
0.2932330827067669
0.2926829268292683
0.2940074906367041
0.29345794392523367
0.2947761194029851
0.2942271880819367
0.2955390334572491
0.29684601113172543
0.2962962962962963
0.2957486136783734
0.2952029520295203
0.2946593001841621
0.2959558823529412
0.29541284403669726
0.2948717948717949
0.2943327239488117
0.2937956204379562
0.29326047358834245
0.29454545454545455
0.294010889292196
0.29347826086956524
0.29475587703435807
0.29422382671480146
0.2936936936936937
0.2931654676258993
0.29443447037701975
0.2939068100358423
0.29338103756708406
0.29285714285714287
0.29411764705882354
0.29359430604982206
0.29307282415630553
0.2925531914893617
0.2920353982300885
0.2915194346289753
0.291005291005291
0.29225352112676056
0.29349736379613356
0.2929824561403509
0.29422066549912435
0.29545454545454547
0.29668411867364747
0.2961672473867596
0.2956521739130435
0.2951388888888889
0.29462738301559793
0.29411764705882354
0.29360967184801384
0.29310344827586204
0.29259896729776247
0.2920962199312715
0.2915951972555746
0.2910958904109589
0.2905982905982906
0.29180887372013653
0.29131175468483816
0.29081632653061223
0.2920203735144312
0.29152542372881357
0.2927241962774958
0.2922297297297297
0.2917369308600337
0.29124579124579125
0.2907563025210084
0.2902684563758389
0.2897822445561139
0.28929765886287623
0.2904841402337229
0.2916666666666667
0.2911813643926789
0.29069767441860467
0.2902155887230514
0.2897350993377483
0.2892561983471074
0.2887788778877888
0.2883031301482702
0.2878289473684211
0.28735632183908044
0.28688524590163933
0.28805237315875615
0.2875816993464052
0.28711256117455136
0.28664495114006516
0.2861788617886179
0.2857142857142857
0.2852512155591572
0.284789644012945
0.2859450726978998
0.2854838709677419
0.28502415458937197
0.2845659163987138
0.2841091492776886
0.28365384615384615
0.2832
0.2827476038338658
0.2838915470494418
0.28503184713375795
0.2845786963434022
0.2857142857142857
0.28526148969889065
0.2848101265822785
0.2843601895734597
0.28391167192429023
0.28346456692913385
0.2830188679245283
0.282574568288854
0.28213166144200624
0.28169014084507044
0.28125
0.28081123244929795
0.2803738317757009
0.27993779160186627
0.2795031055900621
0.27906976744186046
0.2786377708978328
0.2782071097372488
0.279320987654321
0.27889060092449924
0.2784615384615385
0.2780337941628264
0.2776073619631902
0.2771822358346095
0.27675840978593275
0.27633587786259545
0.2759146341463415
0.2754946727549467
0.2765957446808511
0.27617602427921095
0.27575757575757576
0.27685325264750377
0.27794561933534745
0.2790346907993967
0.2786144578313253
0.2796992481203007
0.27927927927927926
0.27886056971514245
0.27994011976047906
0.28101644245142005
0.28059701492537314
0.28017883755588674
0.28125
0.28083209509658247
0.28041543026706234
0.28
0.27958579881656803
0.28064992614475626
0.28023598820059
0.2812960235640648
0.2823529411764706
0.28193832599118945
0.28152492668621704
0.28257686676427524
0.2821637426900585
0.28175182481751826
0.2813411078717201
0.2823871906841339
0.2819767441860465
0.2830188679245283
0.2826086956521739
0.2821997105643994
0.2832369942196532
0.2828282828282828
0.2824207492795389
0.2820143884892086
0.28304597701149425
0.28263988522238165
0.2822349570200573
0.28183118741058655
0.2814285714285714
0.28245363766048504
0.28205128205128205
0.28165007112375534
0.28125
0.2822695035460993
0.2818696883852691
0.2828854314002829
0.2824858757062147
0.2820874471086037
0.28169014084507044
0.2812939521800281
0.2808988764044944
0.28190743338008417
0.28291316526610644
0.28251748251748254
0.28212290502793297
0.28172942817294283
0.2827298050139276
0.28372739916550765
0.2833333333333333
0.2829403606102635
0.28254847645429365
0.2821576763485477
0.281767955801105
0.2813793103448276
0.28236914600550966
0.28198074277854196
0.2815934065934066
0.2812071330589849
0.2821917808219178
0.2818057455540356
0.2827868852459016
0.2837653478854025
0.2847411444141689
0.2857142857142857
0.28532608695652173
0.28493894165535955
0.2845528455284553
0.28416779431664413
0.28378378378378377
0.2834008097165992
0.2830188679245283
0.2839838492597577
0.28360215053763443
0.2832214765100671
0.2828418230563003
0.2838018741633199
0.28342245989304815
0.28304405874499333
0.2826666666666667
0.2836218375499334
0.28324468085106386
0.28419654714475434
0.2838196286472148
0.28344370860927154
0.2830687830687831
0.28401585204755614
0.2836411609498681
0.28326745718050067
0.28421052631578947
0.2851511169513798
0.2847769028871391
0.28440366972477066
0.28403141361256545
0.28366013071895424
0.283289817232376
0.2842242503259452
0.28515625
0.28608582574772434
0.2857142857142857
0.2853437094682231
0.2849740932642487
0.2846054333764554
0.2842377260981912
0.28516129032258064
0.2847938144329897
0.28442728442728443
0.28406169665809766
0.28498074454428757
0.2846153846153846
0.28425096030729835
0.28388746803069054
0.2835249042145594
0.28316326530612246
0.28280254777070063
0.2824427480916031
0.2820838627700127
0.2817258883248731
0.2813688212927757
0.2810126582278481
0.28192161820480405
0.2815656565656566
0.2812105926860025
0.28211586901763225
0.2830188679245283
0.28266331658291455
0.2823086574654956
0.2819548872180451
0.2816020025031289
0.28125
0.28214731585518105
0.2830423940149626
0.28268991282689915
0.2835820895522388
0.284472049689441
0.2841191066997519
0.2850061957868649
0.28465346534653463
0.2843016069221261
0.2839506172839506
0.2848335388409371
0.28448275862068967
0.28413284132841327
0.28378378378378377
0.2846625766871166
0.28431372549019607
0.2839657282741738
0.28361858190709044
0.28327228327228327
0.28292682926829266
0.28258221680876977
0.2822384428223844
0.28311057108140947
0.2827669902912621
0.2824242424242424
0.28329297820823246
0.282950423216445
0.28381642512077293
0.28347406513872137
0.28313253012048195
0.28279181708784595
0.2824519230769231
0.28211284513805523
0.28177458033573144
0.28263473053892213
0.2822966507177033
0.2831541218637993
0.2840095465393795
0.2836710369487485
0.2833333333333333
0.28299643281807374
0.2826603325415677
0.2835112692763938
0.283175355450237
0.2828402366863905
0.28250591016548465
0.282172373081464
0.2818396226415094
0.28150765606595995
0.2811764705882353
0.2808460634547591
0.28169014084507044
0.2825322391559203
0.2822014051522248
0.2818713450292398
0.28154205607476634
0.2812135355892649
0.28205128205128205
0.2817229336437718
0.28255813953488373
0.28339140534262486
0.2842227378190255
0.2850521436848204
0.2847222222222222
0.2855491329479769
0.2863741339491917
0.28604382929642447
0.2868663594470046
0.286536248561565
0.28735632183908044
0.2881745120551091
0.28784403669724773
0.28751431844215347
0.28718535469107553
0.28685714285714287
0.2865296803652968
0.28734321550741165
0.2870159453302961
0.28668941979522183
0.2863636363636364
0.28603859250851305
0.2857142857142857
0.2865232163080408
0.2861990950226244
0.2858757062146893
0.28555304740406323
0.2852311161217587
0.2849099099099099
0.2857142857142857
0.2853932584269663
0.28619528619528617
0.28699551569506726
0.2866741321388578
0.28635346756152125
0.2860335195530726
0.28683035714285715
0.28651059085841696
0.28619153674832964
0.28587319243604004
0.28555555555555556
0.28523862375138737
0.28492239467849223
0.2857142857142857
0.28650442477876104
0.2861878453038674
0.2858719646799117
0.2855567805953694
0.2852422907488987
0.28602860286028603
0.2868131868131868
0.287596048298573
0.28728070175438597
0.28696604600219056
0.28665207877461707
0.28743169398907104
0.287117903930131
0.28680479825517996
0.28649237472766886
0.28618063112078346
0.2858695652173913
0.28555917480998916
0.28633405639913234
0.28602383531960995
0.2857142857142857
0.2864864864864865
0.2861771058315335
0.28694714131607335
0.28771551724137934
0.2884822389666308
0.289247311827957
0.2889366272824919
0.28969957081545067
0.2904608788853162
0.29014989293361887
0.2909090909090909
0.2905982905982906
0.2913553895410886
0.2921108742004264
0.2928647497337593
0.2925531914893617
0.29330499468650373
0.2929936305732484
0.2926829268292683
0.2923728813559322
0.2931216931216931
0.2928118393234672
0.2925026399155227
0.2921940928270042
0.291886195995785
0.29157894736842105
0.29232386961093587
0.2920168067226891
0.29275970619097585
0.29350104821802936
0.2942408376963351
0.2939330543933054
0.2946708463949843
0.29436325678496866
0.2940563086548488
0.29375
0.2934443288241415
0.29417879417879417
0.29387331256490135
0.29356846473029047
0.2932642487046632
0.29296066252587993
0.2936918304033092
0.29338842975206614
0.2930856553147575
0.29381443298969073
0.2945417095777549
0.2952674897119342
0.2949640287769784
0.2946611909650924
0.29435897435897435
0.29508196721311475
0.29580348004094165
0.2955010224948875
0.29519918283963226
0.29489795918367345
0.2945973496432212
0.29429735234215887
0.2950152594099695
0.29471544715447157
0.29441624365482233
0.295131845841785
0.2948328267477204
0.29453441295546556
0.2942366026289181
0.29393939393939394
0.29364278506559033
0.29435483870967744
0.2940584088620342
0.2937625754527163
0.29346733668341707
0.2931726907630522
0.2938816449348044
0.2935871743486974
0.29429429429429427
0.294
